T(K) Nd(cm-3) Mu(cm2/Vs)
200 1.00000E+13 3.20673E+3
200 1.32571E+13 3.20631E+3
200 1.75751E+13 3.20576E+3
200 2.32995E+13 3.20505E+3
200 3.08884E+13 3.20411E+3
200 4.09492E+13 3.20289E+3
200 5.42868E+13 3.20129E+3
200 7.19686E+13 3.19921E+3
200 9.54095E+13 3.19649E+3
200 1.26486E+14 3.19293E+3
200 1.67683E+14 3.18830E+3
200 2.22300E+14 3.18226E+3
200 2.94705E+14 3.17440E+3
200 3.90694E+14 3.16418E+3
200 5.17947E+14 3.15094E+3
200 6.86649E+14 3.13380E+3
200 9.10298E+14 3.11172E+3
200 1.20679E+15 3.08338E+3
200 1.59986E+15 3.04721E+3
200 2.12095E+15 3.00137E+3
200 2.81177E+15 2.94383E+3
200 3.72759E+15 2.87238E+3
200 4.94171E+15 2.78494E+3
200 6.55129E+15 2.67974E+3
200 8.68511E+15 2.55576E+3
200 1.15140E+16 2.41318E+3
200 1.52642E+16 2.25366E+3
200 2.02359E+16 2.08072E+3
200 2.68270E+16 1.89933E+3
200 3.55648E+16 1.71556E+3
200 4.71487E+16 1.53599E+3
200 6.25055E+16 1.36593E+3
200 8.28643E+16 1.20964E+3
200 1.09854E+17 1.07018E+3
200 1.45635E+17 9.48250E+2
200 1.93070E+17 8.43970E+2
200 2.55955E+17 7.55230E+2
200 3.39322E+17 6.81250E+2
200 4.49843E+17 6.19382E+2
200 5.96362E+17 5.67802E+2
200 7.90604E+17 5.25156E+2
200 1.04811E+18 4.89654E+2
200 1.38950E+18 4.59975E+2
200 1.84207E+18 4.35032E+2
200 2.44205E+18 4.14253E+2
200 3.23746E+18 3.96717E+2
200 4.29193E+18 3.81959E+2
200 5.68987E+18 3.69355E+2
200 7.54312E+18 3.58611E+2
200 1.00000E+19 3.49501E+2
206 1.00000E+13 3.00778E+3
206 1.32571E+13 3.00741E+3
206 1.75751E+13 3.00692E+3
206 2.32995E+13 3.00628E+3
206 3.08884E+13 3.00544E+3
206 4.09492E+13 3.00435E+3
206 5.42868E+13 3.00292E+3
206 7.19686E+13 3.00106E+3
206 9.54095E+13 2.99864E+3
206 1.26486E+14 2.99548E+3
206 1.67683E+14 2.99136E+3
206 2.22300E+14 2.98599E+3
206 2.94705E+14 2.97902E+3
206 3.90694E+14 2.96996E+3
206 5.17947E+14 2.95823E+3
206 6.86649E+14 2.94306E+3
206 9.10298E+14 2.92351E+3
206 1.20679E+15 2.89842E+3
206 1.59986E+15 2.86640E+3
206 2.12095E+15 2.82579E+3
206 2.81177E+15 2.77474E+3
206 3.72759E+15 2.71124E+3
206 4.94171E+15 2.63331E+3
206 6.55129E+15 2.53922E+3
206 8.68511E+15 2.42784E+3
206 1.15140E+16 2.29899E+3
206 1.52642E+16 2.15393E+3
206 2.02359E+16 1.99539E+3
206 2.68270E+16 1.82767E+3
206 3.55648E+16 1.65638E+3
206 4.71487E+16 1.48731E+3
206 6.25055E+16 1.32579E+3
206 8.28643E+16 1.17673E+3
206 1.09854E+17 1.04230E+3
206 1.45635E+17 9.24431E+2
206 1.93070E+17 8.22851E+2
206 2.55955E+17 7.36978E+2
206 3.39322E+17 6.64485E+2
206 4.49843E+17 6.04037E+2
206 5.96362E+17 5.53798E+2
206 7.90604E+17 5.12147E+2
206 1.04811E+18 4.77559E+2
206 1.38950E+18 4.48894E+2
206 1.84207E+18 4.24740E+2
206 2.44205E+18 4.04669E+2
206 3.23746E+18 3.87656E+2
206 4.29193E+18 3.73374E+2
206 5.68987E+18 3.61321E+2
206 7.54312E+18 3.50973E+2
206 1.00000E+19 3.42172E+2
212 1.00000E+13 2.82700E+3
212 1.32571E+13 2.82666E+3
212 1.75751E+13 2.82622E+3
212 2.32995E+13 2.82564E+3
212 3.08884E+13 2.82489E+3
212 4.09492E+13 2.82391E+3
212 5.42868E+13 2.82264E+3
212 7.19686E+13 2.82097E+3
212 9.54095E+13 2.81880E+3
212 1.26486E+14 2.81598E+3
212 1.67683E+14 2.81230E+3
212 2.22300E+14 2.80752E+3
212 2.94705E+14 2.80131E+3
212 3.90694E+14 2.79325E+3
212 5.17947E+14 2.78282E+3
212 6.86649E+14 2.76933E+3
212 9.10298E+14 2.75196E+3
212 1.20679E+15 2.72968E+3
212 1.59986E+15 2.70122E+3
212 2.12095E+15 2.66512E+3
212 2.81177E+15 2.61968E+3
212 3.72759E+15 2.56307E+3
212 4.94171E+15 2.49344E+3
212 6.55129E+15 2.40908E+3
212 8.68511E+15 2.30881E+3
212 1.15140E+16 2.19221E+3
212 1.52642E+16 2.06010E+3
212 2.02359E+16 1.91475E+3
212 2.68270E+16 1.75978E+3
212 3.55648E+16 1.60006E+3
212 4.71487E+16 1.44101E+3
212 6.25055E+16 1.28816E+3
212 8.28643E+16 1.14536E+3
212 1.09854E+17 1.01641E+3
212 1.45635E+17 9.02204E+2
212 1.93070E+17 8.03624E+2
212 2.55955E+17 7.19698E+2
212 3.39322E+17 6.49084E+2
212 4.49843E+17 5.90036E+2
212 5.96362E+17 5.40997E+2
212 7.90604E+17 5.00404E+2
212 1.04811E+18 4.66617E+2
212 1.38950E+18 4.38531E+2
212 1.84207E+18 4.15213E+2
212 2.44205E+18 3.95637E+2
212 3.23746E+18 3.79215E+2
212 4.29193E+18 3.65464E+2
212 5.68987E+18 3.53694E+2
212 7.54312E+18 3.43818E+2
212 1.00000E+19 3.35314E+2
218 1.00000E+13 2.66226E+3
218 1.32571E+13 2.66195E+3
218 1.75751E+13 2.66156E+3
218 2.32995E+13 2.66104E+3
218 3.08884E+13 2.66036E+3
218 4.09492E+13 2.65948E+3
218 5.42868E+13 2.65833E+3
218 7.19686E+13 2.65684E+3
218 9.54095E+13 2.65489E+3
218 1.26486E+14 2.65236E+3
218 1.67683E+14 2.64907E+3
218 2.22300E+14 2.64479E+3
218 2.94705E+14 2.63924E+3
218 3.90694E+14 2.63204E+3
218 5.17947E+14 2.62273E+3
218 6.86649E+14 2.61070E+3
218 9.10298E+14 2.59521E+3
218 1.20679E+15 2.57534E+3
218 1.59986E+15 2.54997E+3
218 2.12095E+15 2.51776E+3
218 2.81177E+15 2.47720E+3
218 3.72759E+15 2.42659E+3
218 4.94171E+15 2.36418E+3
218 6.55129E+15 2.28839E+3
218 8.68511E+15 2.19794E+3
218 1.15140E+16 2.09228E+3
218 1.52642E+16 1.97186E+3
218 2.02359E+16 1.83846E+3
218 2.68270E+16 1.69525E+3
218 3.55648E+16 1.54636E+3
218 4.71487E+16 1.39697E+3
218 6.25055E+16 1.25206E+3
218 8.28643E+16 1.11582E+3
218 1.09854E+17 9.91680E+2
218 1.45635E+17 8.81335E+2
218 1.93070E+17 7.85645E+2
218 2.55955E+17 7.03644E+2
218 3.39322E+17 6.34773E+2
218 4.49843E+17 5.76950E+2
218 5.96362E+17 5.29078E+2
218 7.90604E+17 4.89288E+2
218 1.04811E+18 4.56372E+2
218 1.38950E+18 4.29081E+2
218 1.84207E+18 4.06238E+2
218 2.44205E+18 3.87342E+2
218 3.23746E+18 3.71327E+2
218 4.29193E+18 3.57947E+2
218 5.68987E+18 3.46621E+2
218 7.54312E+18 3.37054E+2
218 1.00000E+19 3.28875E+2
224 1.00000E+13 2.51175E+3
224 1.32571E+13 2.51147E+3
224 1.75751E+13 2.51111E+3
224 2.32995E+13 2.51064E+3
224 3.08884E+13 2.51003E+3
224 4.09492E+13 2.50924E+3
224 5.42868E+13 2.50820E+3
224 7.19686E+13 2.50685E+3
224 9.54095E+13 2.50510E+3
224 1.26486E+14 2.50283E+3
224 1.67683E+14 2.49987E+3
224 2.22300E+14 2.49603E+3
224 2.94705E+14 2.49105E+3
224 3.90694E+14 2.48460E+3
224 5.17947E+14 2.47626E+3
224 6.86649E+14 2.46549E+3
224 9.10298E+14 2.45163E+3
224 1.20679E+15 2.43386E+3
224 1.59986E+15 2.41116E+3
224 2.12095E+15 2.38234E+3
224 2.81177E+15 2.34602E+3
224 3.72759E+15 2.30063E+3
224 4.94171E+15 2.24459E+3
224 6.55129E+15 2.17631E+3
224 8.68511E+15 2.09457E+3
224 1.15140E+16 1.99866E+3
224 1.52642E+16 1.88880E+3
224 2.02359E+16 1.76631E+3
224 2.68270E+16 1.63385E+3
224 3.55648E+16 1.49517E+3
224 4.71487E+16 1.35482E+3
224 6.25055E+16 1.21753E+3
224 8.28643E+16 1.08761E+3
224 1.09854E+17 9.68415E+2
224 1.45635E+17 8.61851E+2
224 1.93070E+17 7.68745E+2
224 2.55955E+17 6.88905E+2
224 3.39322E+17 6.21420E+2
224 4.49843E+17 5.64956E+2
224 5.96362E+17 5.18012E+2
224 7.90604E+17 4.79157E+2
224 1.04811E+18 4.46885E+2
224 1.38950E+18 4.20175E+2
224 1.84207E+18 3.97992E+2
224 2.44205E+18 3.79477E+2
224 3.23746E+18 3.64028E+2
224 4.29193E+18 3.50975E+2
224 5.68987E+18 3.39955E+2
224 7.54312E+18 3.30667E+2
224 1.00000E+19 3.22779E+2
230 1.00000E+13 2.37390E+3
230 1.32571E+13 2.37365E+3
230 1.75751E+13 2.37332E+3
230 2.32995E+13 2.37289E+3
230 3.08884E+13 2.37234E+3
230 4.09492E+13 2.37162E+3
230 5.42868E+13 2.37068E+3
230 7.19686E+13 2.36946E+3
230 9.54095E+13 2.36788E+3
230 1.26486E+14 2.36583E+3
230 1.67683E+14 2.36316E+3
230 2.22300E+14 2.35971E+3
230 2.94705E+14 2.35523E+3
230 3.90694E+14 2.34943E+3
230 5.17947E+14 2.34193E+3
230 6.86649E+14 2.33226E+3
230 9.10298E+14 2.31982E+3
230 1.20679E+15 2.30387E+3
230 1.59986E+15 2.28351E+3
230 2.12095E+15 2.25764E+3
230 2.81177E+15 2.22502E+3
230 3.72759E+15 2.18421E+3
230 4.94171E+15 2.13373E+3
230 6.55129E+15 2.07210E+3
230 8.68511E+15 1.99808E+3
230 1.15140E+16 1.91090E+3
230 1.52642E+16 1.81052E+3
230 2.02359E+16 1.69796E+3
230 2.68270E+16 1.57546E+3
230 3.55648E+16 1.44623E+3
230 4.71487E+16 1.31449E+3
230 6.25055E+16 1.18454E+3
230 8.28643E+16 1.06073E+3
230 1.09854E+17 9.46195E+2
230 1.45635E+17 8.43126E+2
230 1.93070E+17 7.52782E+2
230 2.55955E+17 6.75025E+2
230 3.39322E+17 6.09139E+2
230 4.49843E+17 5.53709E+2
230 5.96362E+17 5.07814E+2
230 7.90604E+17 4.69628E+2
230 1.04811E+18 4.38060E+2
230 1.38950E+18 4.11876E+2
230 1.84207E+18 3.90175E+2
230 2.44205E+18 3.72108E+2
230 3.23746E+18 3.57069E+2
230 4.29193E+18 3.44400E+2
230 5.68987E+18 3.33731E+2
230 7.54312E+18 3.24689E+2
230 1.00000E+19 3.17042E+2
236 1.00000E+13 2.24734E+3
236 1.32571E+13 2.24711E+3
236 1.75751E+13 2.24682E+3
236 2.32995E+13 2.24643E+3
236 3.08884E+13 2.24592E+3
236 4.09492E+13 2.24527E+3
236 5.42868E+13 2.24442E+3
236 7.19686E+13 2.24332E+3
236 9.54095E+13 2.24188E+3
236 1.26486E+14 2.24002E+3
236 1.67683E+14 2.23761E+3
236 2.22300E+14 2.23449E+3
236 2.94705E+14 2.23045E+3
236 3.90694E+14 2.22522E+3
236 5.17947E+14 2.21846E+3
236 6.86649E+14 2.20975E+3
236 9.10298E+14 2.19855E+3
236 1.20679E+15 2.18420E+3
236 1.59986E+15 2.16587E+3
236 2.12095E+15 2.14259E+3
236 2.81177E+15 2.11320E+3
236 3.72759E+15 2.07642E+3
236 4.94171E+15 2.03084E+3
236 6.55129E+15 1.97509E+3
236 8.68511E+15 1.90793E+3
236 1.15140E+16 1.82855E+3
236 1.52642E+16 1.73671E+3
236 2.02359E+16 1.63321E+3
236 2.68270E+16 1.51980E+3
236 3.55648E+16 1.39939E+3
236 4.71487E+16 1.27568E+3
236 6.25055E+16 1.15290E+3
236 8.28643E+16 1.03488E+3
236 1.09854E+17 9.24900E+2
236 1.45635E+17 8.25451E+2
236 1.93070E+17 7.37818E+2
236 2.55955E+17 6.61901E+2
236 3.39322E+17 5.97342E+2
236 4.49843E+17 5.43336E+2
236 5.96362E+17 4.98200E+2
236 7.90604E+17 4.60596E+2
236 1.04811E+18 4.29721E+2
236 1.38950E+18 4.04116E+2
236 1.84207E+18 3.82848E+2
236 2.44205E+18 3.65183E+2
236 3.23746E+18 3.50511E+2
236 4.29193E+18 3.38185E+2
236 5.68987E+18 3.27762E+2
236 7.54312E+18 3.19013E+2
236 1.00000E+19 3.11570E+2
242 1.00000E+13 2.13090E+3
242 1.32571E+13 2.13069E+3
242 1.75751E+13 2.13042E+3
242 2.32995E+13 2.13006E+3
242 3.08884E+13 2.12960E+3
242 4.09492E+13 2.12901E+3
242 5.42868E+13 2.12823E+3
242 7.19686E+13 2.12723E+3
242 9.54095E+13 2.12593E+3
242 1.26486E+14 2.12424E+3
242 1.67683E+14 2.12206E+3
242 2.22300E+14 2.11923E+3
242 2.94705E+14 2.11557E+3
242 3.90694E+14 2.11084E+3
242 5.17947E+14 2.10473E+3
242 6.86649E+14 2.09686E+3
242 9.10298E+14 2.08675E+3
242 1.20679E+15 2.07380E+3
242 1.59986E+15 2.05725E+3
242 2.12095E+15 2.03624E+3
242 2.81177E+15 2.00970E+3
242 3.72759E+15 1.97646E+3
242 4.94171E+15 1.93521E+3
242 6.55129E+15 1.88466E+3
242 8.68511E+15 1.82361E+3
242 1.15140E+16 1.75120E+3
242 1.52642E+16 1.66711E+3
242 2.02359E+16 1.57184E+3
242 2.68270E+16 1.46684E+3
242 3.55648E+16 1.35460E+3
242 4.71487E+16 1.23847E+3
242 6.25055E+16 1.12233E+3
242 8.28643E+16 1.00996E+3
242 1.09854E+17 9.04555E+2
242 1.45635E+17 8.08651E+2
242 1.93070E+17 7.23529E+2
242 2.55955E+17 6.49615E+2
242 3.39322E+17 5.86566E+2
242 4.49843E+17 5.33329E+2
242 5.96362E+17 4.89117E+2
242 7.90604E+17 4.52308E+2
242 1.04811E+18 4.21918E+2
242 1.38950E+18 3.96835E+2
242 1.84207E+18 3.75961E+2
242 2.44205E+18 3.58736E+2
242 3.23746E+18 3.44315E+2
242 4.29193E+18 3.32298E+2
242 5.68987E+18 3.22163E+2
242 7.54312E+18 3.13614E+2
242 1.00000E+19 3.06359E+2
248 1.00000E+13 2.02353E+3
248 1.32571E+13 2.02333E+3
248 1.75751E+13 2.02308E+3
248 2.32995E+13 2.02276E+3
248 3.08884E+13 2.02234E+3
248 4.09492E+13 2.02180E+3
248 5.42868E+13 2.02109E+3
248 7.19686E+13 2.02018E+3
248 9.54095E+13 2.01899E+3
248 1.26486E+14 2.01746E+3
248 1.67683E+14 2.01547E+3
248 2.22300E+14 2.01290E+3
248 2.94705E+14 2.00958E+3
248 3.90694E+14 2.00529E+3
248 5.17947E+14 1.99975E+3
248 6.86649E+14 1.99263E+3
248 9.10298E+14 1.98347E+3
248 1.20679E+15 1.97175E+3
248 1.59986E+15 1.95678E+3
248 2.12095E+15 1.93776E+3
248 2.81177E+15 1.91373E+3
248 3.72759E+15 1.88362E+3
248 4.94171E+15 1.84621E+3
248 6.55129E+15 1.80028E+3
248 8.68511E+15 1.74468E+3
248 1.15140E+16 1.67853E+3
248 1.52642E+16 1.60142E+3
248 2.02359E+16 1.51360E+3
248 2.68270E+16 1.41633E+3
248 3.55648E+16 1.31170E+3
248 4.71487E+16 1.20273E+3
248 6.25055E+16 1.09292E+3
248 8.28643E+16 9.85905E+2
248 1.09854E+17 8.84921E+2
248 1.45635E+17 7.92349E+2
248 1.93070E+17 7.09840E+2
248 2.55955E+17 6.37733E+2
248 3.39322E+17 5.76137E+2
248 4.49843E+17 5.24026E+2
248 5.96362E+17 4.80516E+2
248 7.90604E+17 4.44439E+2
248 1.04811E+18 4.14633E+2
248 1.38950E+18 3.89903E+2
248 1.84207E+18 3.69470E+2
248 2.44205E+18 3.52566E+2
248 3.23746E+18 3.38450E+2
248 4.29193E+18 3.26711E+2
248 5.68987E+18 3.16835E+2
248 7.54312E+18 3.08471E+2
248 1.00000E+19 3.01436E+2
254 1.00000E+13 1.92432E+3
254 1.32571E+13 1.92415E+3
254 1.75751E+13 1.92392E+3
254 2.32995E+13 1.92362E+3
254 3.08884E+13 1.92324E+3
254 4.09492E+13 1.92274E+3
254 5.42868E+13 1.92209E+3
254 7.19686E+13 1.92126E+3
254 9.54095E+13 1.92018E+3
254 1.26486E+14 1.91878E+3
254 1.67683E+14 1.91697E+3
254 2.22300E+14 1.91462E+3
254 2.94705E+14 1.91160E+3
254 3.90694E+14 1.90770E+3
254 5.17947E+14 1.90267E+3
254 6.86649E+14 1.89620E+3
254 9.10298E+14 1.88789E+3
254 1.20679E+15 1.87725E+3
254 1.59986E+15 1.86366E+3
254 2.12095E+15 1.84641E+3
254 2.81177E+15 1.82461E+3
254 3.72759E+15 1.79726E+3
254 4.94171E+15 1.76325E+3
254 6.55129E+15 1.72143E+3
254 8.68511E+15 1.67071E+3
254 1.15140E+16 1.61018E+3
254 1.52642E+16 1.53936E+3
254 2.02359E+16 1.45839E+3
254 2.68270E+16 1.36821E+3
254 3.55648E+16 1.27063E+3
254 4.71487E+16 1.16833E+3
254 6.25055E+16 1.06453E+3
254 8.28643E+16 9.62730E+2
254 1.09854E+17 8.65943E+2
254 1.45635E+17 7.76747E+2
254 1.93070E+17 6.96691E+2
254 2.55955E+17 6.26646E+2
254 3.39322E+17 5.66343E+2
254 4.49843E+17 5.15321E+2
254 5.96362E+17 4.72505E+2
254 7.90604E+17 4.37109E+2
254 1.04811E+18 4.07728E+2
254 1.38950E+18 3.83442E+2
254 1.84207E+18 3.63335E+2
254 2.44205E+18 3.46725E+2
254 3.23746E+18 3.32947E+2
254 4.29193E+18 3.21398E+2
254 5.68987E+18 3.11704E+2
254 7.54312E+18 3.03612E+2
254 1.00000E+19 2.96728E+2
260 1.00000E+13 1.83249E+3
260 1.32571E+13 1.83233E+3
260 1.75751E+13 1.83211E+3
260 2.32995E+13 1.83184E+3
260 3.08884E+13 1.83149E+3
260 4.09492E+13 1.83103E+3
260 5.42868E+13 1.83044E+3
260 7.19686E+13 1.82968E+3
260 9.54095E+13 1.82869E+3
260 1.26486E+14 1.82741E+3
260 1.67683E+14 1.82575E+3
260 2.22300E+14 1.82361E+3
260 2.94705E+14 1.82086E+3
260 3.90694E+14 1.81730E+3
260 5.17947E+14 1.81272E+3
260 6.86649E+14 1.80682E+3
260 9.10298E+14 1.79926E+3
260 1.20679E+15 1.78958E+3
260 1.59986E+15 1.77723E+3
260 2.12095E+15 1.76154E+3
260 2.81177E+15 1.74171E+3
260 3.72759E+15 1.71681E+3
260 4.94171E+15 1.68583E+3
260 6.55129E+15 1.64769E+3
260 8.68511E+15 1.60132E+3
260 1.15140E+16 1.54585E+3
260 1.52642E+16 1.48073E+3
260 2.02359E+16 1.40596E+3
260 2.68270E+16 1.32229E+3
260 3.55648E+16 1.23127E+3
260 4.71487E+16 1.13521E+3
260 6.25055E+16 1.03716E+3
260 8.28643E+16 9.40290E+2
260 1.09854E+17 8.47648E+2
260 1.45635E+17 7.61659E+2
260 1.93070E+17 6.84132E+2
260 2.55955E+17 6.15858E+2
260 3.39322E+17 5.56962E+2
260 4.49843E+17 5.06862E+2
260 5.96362E+17 4.65000E+2
260 7.90604E+17 4.30107E+2
260 1.04811E+18 4.01136E+2
260 1.38950E+18 3.77229E+2
260 1.84207E+18 3.57523E+2
260 2.44205E+18 3.41183E+2
260 3.23746E+18 3.27652E+2
260 4.29193E+18 3.16337E+2
260 5.68987E+18 3.06911E+2
260 7.54312E+18 2.98919E+2
260 1.00000E+19 2.92221E+2
266 1.00000E+13 1.74732E+3
266 1.32571E+13 1.74717E+3
266 1.75751E+13 1.74697E+3
266 2.32995E+13 1.74672E+3
266 3.08884E+13 1.74640E+3
266 4.09492E+13 1.74598E+3
266 5.42868E+13 1.74543E+3
266 7.19686E+13 1.74473E+3
266 9.54095E+13 1.74382E+3
266 1.26486E+14 1.74265E+3
266 1.67683E+14 1.74114E+3
266 2.22300E+14 1.73918E+3
266 2.94705E+14 1.73666E+3
266 3.90694E+14 1.73341E+3
266 5.17947E+14 1.72922E+3
266 6.86649E+14 1.72385E+3
266 9.10298E+14 1.71695E+3
266 1.20679E+15 1.70812E+3
266 1.59986E+15 1.69686E+3
266 2.12095E+15 1.68256E+3
266 2.81177E+15 1.66447E+3
266 3.72759E+15 1.64177E+3
266 4.94171E+15 1.61349E+3
266 6.55129E+15 1.57862E+3
266 8.68511E+15 1.53617E+3
266 1.15140E+16 1.48525E+3
266 1.52642E+16 1.42530E+3
266 2.02359E+16 1.35620E+3
266 2.68270E+16 1.27850E+3
266 3.55648E+16 1.19353E+3
266 4.71487E+16 1.10334E+3
266 6.25055E+16 1.01070E+3
266 8.28643E+16 9.18602E+2
266 1.09854E+17 8.29898E+2
266 1.45635E+17 7.47124E+2
266 1.93070E+17 6.71989E+2
266 2.55955E+17 6.05580E+2
266 3.39322E+17 5.47958E+2
266 4.49843E+17 4.99013E+2
266 5.96362E+17 4.57686E+2
266 7.90604E+17 4.23412E+2
266 1.04811E+18 3.94960E+2
266 1.38950E+18 3.71376E+2
266 1.84207E+18 3.52006E+2
266 2.44205E+18 3.35971E+2
266 3.23746E+18 3.22664E+2
266 4.29193E+18 3.11559E+2
266 5.68987E+18 3.02278E+2
266 7.54312E+18 2.94471E+2
266 1.00000E+19 2.87900E+2
272 1.00000E+13 1.66819E+3
272 1.32571E+13 1.66805E+3
272 1.75751E+13 1.66787E+3
272 2.32995E+13 1.66764E+3
272 3.08884E+13 1.66734E+3
272 4.09492E+13 1.66695E+3
272 5.42868E+13 1.66645E+3
272 7.19686E+13 1.66581E+3
272 9.54095E+13 1.66497E+3
272 1.26486E+14 1.66389E+3
272 1.67683E+14 1.66250E+3
272 2.22300E+14 1.66071E+3
272 2.94705E+14 1.65840E+3
272 3.90694E+14 1.65542E+3
272 5.17947E+14 1.65159E+3
272 6.86649E+14 1.64667E+3
272 9.10298E+14 1.64037E+3
272 1.20679E+15 1.63230E+3
272 1.59986E+15 1.62201E+3
272 2.12095E+15 1.60894E+3
272 2.81177E+15 1.59243E+3
272 3.72759E+15 1.57167E+3
272 4.94171E+15 1.54581E+3
272 6.55129E+15 1.51388E+3
272 8.68511E+15 1.47493E+3
272 1.15140E+16 1.42813E+3
272 1.52642E+16 1.37285E+3
272 2.02359E+16 1.30891E+3
272 2.68270E+16 1.23673E+3
272 3.55648E+16 1.15738E+3
272 4.71487E+16 1.07267E+3
272 6.25055E+16 9.85154E+2
272 8.28643E+16 8.97565E+2
272 1.09854E+17 8.12721E+2
272 1.45635E+17 7.33007E+2
272 1.93070E+17 6.60309E+2
272 2.55955E+17 5.95648E+2
272 3.39322E+17 5.39397E+2
272 4.49843E+17 4.91352E+2
272 5.96362E+17 4.50908E+2
272 7.90604E+17 4.17001E+2
272 1.04811E+18 3.89035E+2
272 1.38950E+18 3.65872E+2
272 1.84207E+18 3.46783E+2
272 2.44205E+18 3.30949E+2
272 3.23746E+18 3.17851E+2
272 4.29193E+18 3.06989E+2
272 5.68987E+18 2.97887E+2
272 7.54312E+18 2.90246E+2
272 1.00000E+19 2.83790E+2
278 1.00000E+13 1.59455E+3
278 1.32571E+13 1.59442E+3
278 1.75751E+13 1.59426E+3
278 2.32995E+13 1.59404E+3
278 3.08884E+13 1.59377E+3
278 4.09492E+13 1.59341E+3
278 5.42868E+13 1.59295E+3
278 7.19686E+13 1.59235E+3
278 9.54095E+13 1.59158E+3
278 1.26486E+14 1.59059E+3
278 1.67683E+14 1.58931E+3
278 2.22300E+14 1.58766E+3
278 2.94705E+14 1.58554E+3
278 3.90694E+14 1.58281E+3
278 5.17947E+14 1.57930E+3
278 6.86649E+14 1.57479E+3
278 9.10298E+14 1.56901E+3
278 1.20679E+15 1.56162E+3
278 1.59986E+15 1.55220E+3
278 2.12095E+15 1.54024E+3
278 2.81177E+15 1.52511E+3
278 3.72759E+15 1.50611E+3
278 4.94171E+15 1.48240E+3
278 6.55129E+15 1.45311E+3
278 8.68511E+15 1.41733E+3
278 1.15140E+16 1.37424E+3
278 1.52642E+16 1.32321E+3
278 2.02359E+16 1.26400E+3
278 2.68270E+16 1.19685E+3
278 3.55648E+16 1.12269E+3
278 4.71487E+16 1.04315E+3
278 6.25055E+16 9.60459E+2
278 8.28643E+16 8.77156E+2
278 1.09854E+17 7.96019E+2
278 1.45635E+17 7.19344E+2
278 1.93070E+17 6.48963E+2
278 2.55955E+17 5.86115E+2
278 3.39322E+17 5.31217E+2
278 4.49843E+17 4.84080E+2
278 5.96362E+17 4.44280E+2
278 7.90604E+17 4.11060E+2
278 1.04811E+18 3.83449E+2
278 1.38950E+18 3.60575E+2
278 1.84207E+18 3.41727E+2
278 2.44205E+18 3.26158E+2
278 3.23746E+18 3.13299E+2
278 4.29193E+18 3.02569E+2
278 5.68987E+18 2.93634E+2
278 7.54312E+18 2.86150E+2
278 1.00000E+19 2.79838E+2
284 1.00000E+13 1.52591E+3
284 1.32571E+13 1.52580E+3
284 1.75751E+13 1.52564E+3
284 2.32995E+13 1.52544E+3
284 3.08884E+13 1.52519E+3
284 4.09492E+13 1.52485E+3
284 5.42868E+13 1.52443E+3
284 7.19686E+13 1.52388E+3
284 9.54095E+13 1.52317E+3
284 1.26486E+14 1.52225E+3
284 1.67683E+14 1.52107E+3
284 2.22300E+14 1.51956E+3
284 2.94705E+14 1.51760E+3
284 3.90694E+14 1.51509E+3
284 5.17947E+14 1.51186E+3
284 6.86649E+14 1.50772E+3
284 9.10298E+14 1.50241E+3
284 1.20679E+15 1.49563E+3
284 1.59986E+15 1.48699E+3
284 2.12095E+15 1.47602E+3
284 2.81177E+15 1.46214E+3
284 3.72759E+15 1.44470E+3
284 4.94171E+15 1.42294E+3
284 6.55129E+15 1.39602E+3
284 8.68511E+15 1.36310E+3
284 1.15140E+16 1.32336E+3
284 1.52642E+16 1.27620E+3
284 2.02359E+16 1.22130E+3
284 2.68270E+16 1.15879E+3
284 3.55648E+16 1.08948E+3
284 4.71487E+16 1.01473E+3
284 6.25055E+16 9.36581E+2
284 8.28643E+16 8.57404E+2
284 1.09854E+17 7.79773E+2
284 1.45635E+17 7.06038E+2
284 1.93070E+17 6.37994E+2
284 2.55955E+17 5.76860E+2
284 3.39322E+17 5.23212E+2
284 4.49843E+17 4.77060E+2
284 5.96362E+17 4.37992E+2
284 7.90604E+17 4.05236E+2
284 1.04811E+18 3.78070E+2
284 1.38950E+18 3.55569E+2
284 1.84207E+18 3.36949E+2
284 2.44205E+18 3.21623E+2
284 3.23746E+18 3.08940E+2
284 4.29193E+18 2.98374E+2
284 5.68987E+18 2.89592E+2
284 7.54312E+18 2.82248E+2
284 1.00000E+19 2.76067E+2
290 1.00000E+13 1.46184E+3
290 1.32571E+13 1.46173E+3
290 1.75751E+13 1.46158E+3
290 2.32995E+13 1.46140E+3
290 3.08884E+13 1.46116E+3
290 4.09492E+13 1.46085E+3
290 5.42868E+13 1.46046E+3
290 7.19686E+13 1.45995E+3
290 9.54095E+13 1.45929E+3
290 1.26486E+14 1.45845E+3
290 1.67683E+14 1.45736E+3
290 2.22300E+14 1.45596E+3
290 2.94705E+14 1.45416E+3
290 3.90694E+14 1.45184E+3
290 5.17947E+14 1.44887E+3
290 6.86649E+14 1.44505E+3
290 9.10298E+14 1.44017E+3
290 1.20679E+15 1.43394E+3
290 1.59986E+15 1.42599E+3
290 2.12095E+15 1.41591E+3
290 2.81177E+15 1.40316E+3
290 3.72759E+15 1.38712E+3
290 4.94171E+15 1.36711E+3
290 6.55129E+15 1.34233E+3
290 8.68511E+15 1.31198E+3
290 1.15140E+16 1.27529E+3
290 1.52642E+16 1.23165E+3
290 2.02359E+16 1.18068E+3
290 2.68270E+16 1.12246E+3
290 3.55648E+16 1.05761E+3
290 4.71487E+16 9.87329E+2
290 6.25055E+16 9.13457E+2
290 8.28643E+16 8.38238E+2
290 1.09854E+17 7.64003E+2
290 1.45635E+17 6.93075E+2
290 1.93070E+17 6.27305E+2
290 2.55955E+17 5.67928E+2
290 3.39322E+17 5.15530E+2
290 4.49843E+17 4.70352E+2
290 5.96362E+17 4.31923E+2
290 7.90604E+17 3.99712E+2
290 1.04811E+18 3.72885E+2
290 1.38950E+18 3.50735E+2
290 1.84207E+18 3.32420E+2
290 2.44205E+18 3.17257E+2
290 3.23746E+18 3.04759E+2
290 4.29193E+18 2.94384E+2
290 5.68987E+18 2.85740E+2
290 7.54312E+18 2.78492E+2
290 1.00000E+19 2.72432E+2
296 1.00000E+13 1.40193E+3
296 1.32571E+13 1.40182E+3
296 1.75751E+13 1.40169E+3
296 2.32995E+13 1.40152E+3
296 3.08884E+13 1.40130E+3
296 4.09492E+13 1.40101E+3
296 5.42868E+13 1.40065E+3
296 7.19686E+13 1.40017E+3
296 9.54095E+13 1.39957E+3
296 1.26486E+14 1.39878E+3
296 1.67683E+14 1.39778E+3
296 2.22300E+14 1.39648E+3
296 2.94705E+14 1.39482E+3
296 3.90694E+14 1.39268E+3
296 5.17947E+14 1.38994E+3
296 6.86649E+14 1.38642E+3
296 9.10298E+14 1.38192E+3
296 1.20679E+15 1.37618E+3
296 1.59986E+15 1.36886E+3
296 2.12095E+15 1.35957E+3
296 2.81177E+15 1.34783E+3
296 3.72759E+15 1.33307E+3
296 4.94171E+15 1.31462E+3
296 6.55129E+15 1.29177E+3
296 8.68511E+15 1.26376E+3
296 1.15140E+16 1.22984E+3
296 1.52642E+16 1.18939E+3
296 2.02359E+16 1.14203E+3
296 2.68270E+16 1.08776E+3
296 3.55648E+16 1.02705E+3
296 4.71487E+16 9.60951E+2
296 6.25055E+16 8.91111E+2
296 8.28643E+16 8.19599E+2
296 1.09854E+17 7.48698E+2
296 1.45635E+17 6.80480E+2
296 1.93070E+17 6.16882E+2
296 2.55955E+17 5.59224E+2
296 3.39322E+17 5.08133E+2
296 4.49843E+17 4.63847E+2
296 5.96362E+17 4.26131E+2
296 7.90604E+17 3.94453E+2
296 1.04811E+18 3.67964E+2
296 1.38950E+18 3.46067E+2
296 1.84207E+18 3.28036E+2
296 2.44205E+18 3.13052E+2
296 3.23746E+18 3.00745E+2
296 4.29193E+18 2.90511E+2
296 5.68987E+18 2.81998E+2
296 7.54312E+18 2.74903E+2
296 1.00000E+19 2.68925E+2
302 1.00000E+13 1.34584E+3
302 1.32571E+13 1.34574E+3
302 1.75751E+13 1.34562E+3
302 2.32995E+13 1.34546E+3
302 3.08884E+13 1.34525E+3
302 4.09492E+13 1.34498E+3
302 5.42868E+13 1.34464E+3
302 7.19686E+13 1.34421E+3
302 9.54095E+13 1.34364E+3
302 1.26486E+14 1.34292E+3
302 1.67683E+14 1.34198E+3
302 2.22300E+14 1.34078E+3
302 2.94705E+14 1.33924E+3
302 3.90694E+14 1.33727E+3
302 5.17947E+14 1.33473E+3
302 6.86649E+14 1.33148E+3
302 9.10298E+14 1.32733E+3
302 1.20679E+15 1.32203E+3
302 1.59986E+15 1.31528E+3
302 2.12095E+15 1.30671E+3
302 2.81177E+15 1.29588E+3
302 3.72759E+15 1.28226E+3
302 4.94171E+15 1.26523E+3
302 6.55129E+15 1.24413E+3
302 8.68511E+15 1.21823E+3
302 1.15140E+16 1.18682E+3
302 1.52642E+16 1.14930E+3
302 2.02359E+16 1.10526E+3
302 2.68270E+16 1.05461E+3
302 3.55648E+16 9.97723E+2
302 4.71487E+16 9.35551E+2
302 6.25055E+16 8.69512E+2
302 8.28643E+16 8.01526E+2
302 1.09854E+17 7.33740E+2
302 1.45635E+17 6.68190E+2
302 1.93070E+17 6.06757E+2
302 2.55955E+17 5.50739E+2
302 3.39322E+17 5.00929E+2
302 4.49843E+17 4.57597E+2
302 5.96362E+17 4.20584E+2
302 7.90604E+17 3.89358E+2
302 1.04811E+18 3.63276E+2
302 1.38950E+18 3.41630E+2
302 1.84207E+18 3.23794E+2
302 2.44205E+18 3.09050E+2
302 3.23746E+18 2.96903E+2
302 4.29193E+18 2.86784E+2
302 5.68987E+18 2.78424E+2
302 7.54312E+18 2.71411E+2
302 1.00000E+19 2.65539E+2
308 1.00000E+13 1.29325E+3
308 1.32571E+13 1.29316E+3
308 1.75751E+13 1.29304E+3
308 2.32995E+13 1.29289E+3
308 3.08884E+13 1.29270E+3
308 4.09492E+13 1.29245E+3
308 5.42868E+13 1.29214E+3
308 7.19686E+13 1.29173E+3
308 9.54095E+13 1.29120E+3
308 1.26486E+14 1.29053E+3
308 1.67683E+14 1.28966E+3
308 2.22300E+14 1.28855E+3
308 2.94705E+14 1.28712E+3
308 3.90694E+14 1.28529E+3
308 5.17947E+14 1.28294E+3
308 6.86649E+14 1.27994E+3
308 9.10298E+14 1.27610E+3
308 1.20679E+15 1.27119E+3
308 1.59986E+15 1.26495E+3
308 2.12095E+15 1.25704E+3
308 2.81177E+15 1.24703E+3
308 3.72759E+15 1.23444E+3
308 4.94171E+15 1.21871E+3
308 6.55129E+15 1.19919E+3
308 8.68511E+15 1.17521E+3
308 1.15140E+16 1.14609E+3
308 1.52642E+16 1.11123E+3
308 2.02359E+16 1.07022E+3
308 2.68270E+16 1.02292E+3
308 3.55648E+16 9.69610E+2
308 4.71487E+16 9.11088E+2
308 6.25055E+16 8.48630E+2
308 8.28643E+16 7.83997E+2
308 1.09854E+17 7.19200E+2
308 1.45635E+17 6.56212E+2
308 1.93070E+17 5.96905E+2
308 2.55955E+17 5.42505E+2
308 3.39322E+17 4.93960E+2
308 4.49843E+17 4.51515E+2
308 5.96362E+17 4.15132E+2
308 7.90604E+17 3.84420E+2
308 1.04811E+18 3.58732E+2
308 1.38950E+18 3.37400E+2
308 1.84207E+18 3.19753E+2
308 2.44205E+18 3.05168E+2
308 3.23746E+18 2.93157E+2
308 4.29193E+18 2.83225E+2
308 5.68987E+18 2.74975E+2
308 7.54312E+18 2.68068E+2
308 1.00000E+19 2.62293E+2
314 1.00000E+13 1.24388E+3
314 1.32571E+13 1.24380E+3
314 1.75751E+13 1.24369E+3
314 2.32995E+13 1.24355E+3
314 3.08884E+13 1.24337E+3
314 4.09492E+13 1.24314E+3
314 5.42868E+13 1.24284E+3
314 7.19686E+13 1.24246E+3
314 9.54095E+13 1.24197E+3
314 1.26486E+14 1.24135E+3
314 1.67683E+14 1.24054E+3
314 2.22300E+14 1.23951E+3
314 2.94705E+14 1.23818E+3
314 3.90694E+14 1.23648E+3
314 5.17947E+14 1.23430E+3
314 6.86649E+14 1.23152E+3
314 9.10298E+14 1.22796E+3
314 1.20679E+15 1.22342E+3
314 1.59986E+15 1.21764E+3
314 2.12095E+15 1.21031E+3
314 2.81177E+15 1.20105E+3
314 3.72759E+15 1.18940E+3
314 4.94171E+15 1.17484E+3
314 6.55129E+15 1.15675E+3
314 8.68511E+15 1.13452E+3
314 1.15140E+16 1.10749E+3
314 1.52642E+16 1.07507E+3
314 2.02359E+16 1.03685E+3
314 2.68270E+16 9.92627E+2
314 3.55648E+16 9.42623E+2
314 4.71487E+16 8.87505E+2
314 6.25055E+16 8.28438E+2
314 8.28643E+16 7.66989E+2
314 1.09854E+17 7.05057E+2
314 1.45635E+17 6.44589E+2
314 1.93070E+17 5.87235E+2
314 2.55955E+17 5.34499E+2
314 3.39322E+17 4.87155E+2
314 4.49843E+17 4.45644E+2
314 5.96362E+17 4.09951E+2
314 7.90604E+17 3.79689E+2
314 1.04811E+18 3.54324E+2
314 1.38950E+18 3.33293E+2
314 1.84207E+18 3.15895E+2
314 2.44205E+18 3.01463E+2
314 3.23746E+18 2.89639E+2
314 4.29193E+18 2.79791E+2
314 5.68987E+18 2.71645E+2
314 7.54312E+18 2.64861E+2
314 1.00000E+19 2.59152E+2
320 1.00000E+13 1.19748E+3
320 1.32571E+13 1.19740E+3
320 1.75751E+13 1.19730E+3
320 2.32995E+13 1.19716E+3
320 3.08884E+13 1.19700E+3
320 4.09492E+13 1.19678E+3
320 5.42868E+13 1.19651E+3
320 7.19686E+13 1.19615E+3
320 9.54095E+13 1.19570E+3
320 1.26486E+14 1.19511E+3
320 1.67683E+14 1.19436E+3
320 2.22300E+14 1.19340E+3
320 2.94705E+14 1.19217E+3
320 3.90694E+14 1.19059E+3
320 5.17947E+14 1.18856E+3
320 6.86649E+14 1.18598E+3
320 9.10298E+14 1.18267E+3
320 1.20679E+15 1.17846E+3
320 1.59986E+15 1.17311E+3
320 2.12095E+15 1.16631E+3
320 2.81177E+15 1.15773E+3
320 3.72759E+15 1.14693E+3
320 4.94171E+15 1.13342E+3
320 6.55129E+15 1.11665E+3
320 8.68511E+15 1.09601E+3
320 1.15140E+16 1.07088E+3
320 1.52642E+16 1.04070E+3
320 2.02359E+16 1.00503E+3
320 2.68270E+16 9.63661E+2
320 3.55648E+16 9.16726E+2
320 4.71487E+16 8.64791E+2
320 6.25055E+16 8.08889E+2
320 8.28643E+16 7.50484E+2
320 1.09854E+17 6.91296E+2
320 1.45635E+17 6.33200E+2
320 1.93070E+17 5.77861E+2
320 2.55955E+17 5.26665E+2
320 3.39322E+17 4.80507E+2
320 4.49843E+17 4.39915E+2
320 5.96362E+17 4.04901E+2
320 7.90604E+17 3.75090E+2
320 1.04811E+18 3.50104E+2
320 1.38950E+18 3.29307E+2
320 1.84207E+18 3.12145E+2
320 2.44205E+18 2.97918E+2
320 3.23746E+18 2.86213E+2
320 4.29193E+18 2.76462E+2
320 5.68987E+18 2.68427E+2
320 7.54312E+18 2.61734E+2
320 1.00000E+19 2.56134E+2
326 1.00000E+13 1.15380E+3
326 1.32571E+13 1.15373E+3
326 1.75751E+13 1.15364E+3
326 2.32995E+13 1.15351E+3
326 3.08884E+13 1.15336E+3
326 4.09492E+13 1.15316E+3
326 5.42868E+13 1.15290E+3
326 7.19686E+13 1.15257E+3
326 9.54095E+13 1.15214E+3
326 1.26486E+14 1.15159E+3
326 1.67683E+14 1.15090E+3
326 2.22300E+14 1.15000E+3
326 2.94705E+14 1.14885E+3
326 3.90694E+14 1.14738E+3
326 5.17947E+14 1.14550E+3
326 6.86649E+14 1.14309E+3
326 9.10298E+14 1.14002E+3
326 1.20679E+15 1.13611E+3
326 1.59986E+15 1.13113E+3
326 2.12095E+15 1.12483E+3
326 2.81177E+15 1.11686E+3
326 3.72759E+15 1.10683E+3
326 4.94171E+15 1.09429E+3
326 6.55129E+15 1.07871E+3
326 8.68511E+15 1.05952E+3
326 1.15140E+16 1.03613E+3
326 1.52642E+16 1.00800E+3
326 2.02359E+16 9.74682E+2
326 2.68270E+16 9.35947E+2
326 3.55648E+16 8.91869E+2
326 4.71487E+16 8.42909E+2
326 6.25055E+16 7.89988E+2
326 8.28643E+16 7.34439E+2
326 1.09854E+17 6.77867E+2
326 1.45635E+17 6.22052E+2
326 1.93070E+17 5.68669E+2
326 2.55955E+17 5.18998E+2
326 3.39322E+17 4.74085E+2
326 4.49843E+17 4.34364E+2
326 5.96362E+17 3.99977E+2
326 7.90604E+17 3.70666E+2
326 1.04811E+18 3.46052E+2
326 1.38950E+18 3.25542E+2
326 1.84207E+18 3.08500E+2
326 2.44205E+18 2.94468E+2
326 3.23746E+18 2.82878E+2
326 4.29193E+18 2.73283E+2
326 5.68987E+18 2.65339E+2
326 7.54312E+18 2.58730E+2
326 1.00000E+19 2.53208E+2
332 1.00000E+13 1.11266E+3
332 1.32571E+13 1.11259E+3
332 1.75751E+13 1.11250E+3
332 2.32995E+13 1.11238E+3
332 3.08884E+13 1.11224E+3
332 4.09492E+13 1.11205E+3
332 5.42868E+13 1.11181E+3
332 7.19686E+13 1.11150E+3
332 9.54095E+13 1.11110E+3
332 1.26486E+14 1.11059E+3
332 1.67683E+14 1.10994E+3
332 2.22300E+14 1.10910E+3
332 2.94705E+14 1.10803E+3
332 3.90694E+14 1.10666E+3
332 5.17947E+14 1.10490E+3
332 6.86649E+14 1.10266E+3
332 9.10298E+14 1.09980E+3
332 1.20679E+15 1.09616E+3
332 1.59986E+15 1.09154E+3
332 2.12095E+15 1.08567E+3
332 2.81177E+15 1.07826E+3
332 3.72759E+15 1.06894E+3
332 4.94171E+15 1.05728E+3
332 6.55129E+15 1.04279E+3
332 8.68511E+15 1.02492E+3
332 1.15140E+16 1.00313E+3
332 1.52642E+16 9.76881E+2
332 2.02359E+16 9.45733E+2
332 2.68270E+16 9.09427E+2
332 3.55648E+16 8.67996E+2
332 4.71487E+16 8.21825E+2
332 6.25055E+16 7.71710E+2
332 8.28643E+16 7.18870E+2
332 1.09854E+17 6.64830E+2
332 1.45635E+17 6.11225E+2
332 1.93070E+17 5.59648E+2
332 2.55955E+17 5.11506E+2
332 3.39322E+17 4.67760E+2
332 4.49843E+17 4.28936E+2
332 5.96362E+17 3.95216E+2
332 7.90604E+17 3.66399E+2
332 1.04811E+18 3.42104E+2
332 1.38950E+18 3.21824E+2
332 1.84207E+18 3.05007E+2
332 2.44205E+18 2.91158E+2
332 3.23746E+18 2.79679E+2
332 4.29193E+18 2.70182E+2
332 5.68987E+18 2.62348E+2
332 7.54312E+18 2.55819E+2
332 1.00000E+19 2.50371E+2
338 1.00000E+13 1.07384E+3
338 1.32571E+13 1.07378E+3
338 1.75751E+13 1.07369E+3
338 2.32995E+13 1.07359E+3
338 3.08884E+13 1.07345E+3
338 4.09492E+13 1.07327E+3
338 5.42868E+13 1.07305E+3
338 7.19686E+13 1.07275E+3
338 9.54095E+13 1.07238E+3
338 1.26486E+14 1.07191E+3
338 1.67683E+14 1.07129E+3
338 2.22300E+14 1.07051E+3
338 2.94705E+14 1.06951E+3
338 3.90694E+14 1.06823E+3
338 5.17947E+14 1.06659E+3
338 6.86649E+14 1.06450E+3
338 9.10298E+14 1.06184E+3
338 1.20679E+15 1.05845E+3
338 1.59986E+15 1.05414E+3
338 2.12095E+15 1.04868E+3
338 2.81177E+15 1.04178E+3
338 3.72759E+15 1.03310E+3
338 4.94171E+15 1.02224E+3
338 6.55129E+15 1.00874E+3
338 8.68511E+15 9.92095E+2
338 1.15140E+16 9.71765E+2
338 1.52642E+16 9.47242E+2
338 2.02359E+16 9.18092E+2
338 2.68270E+16 8.84042E+2
338 3.55648E+16 8.45071E+2
338 4.71487E+16 8.01497E+2
338 6.25055E+16 7.54033E+2
338 8.28643E+16 7.03761E+2
338 1.09854E+17 6.52109E+2
338 1.45635E+17 6.00623E+2
338 1.93070E+17 5.50887E+2
338 2.55955E+17 5.04208E+2
338 3.39322E+17 4.61597E+2
338 4.49843E+17 4.23661E+2
338 5.96362E+17 3.90563E+2
338 7.90604E+17 3.62234E+2
338 1.04811E+18 3.38301E+2
338 1.38950E+18 3.18252E+2
338 1.84207E+18 3.01651E+2
338 2.44205E+18 2.87932E+2
338 3.23746E+18 2.76607E+2
338 4.29193E+18 2.67203E+2
338 5.68987E+18 2.59471E+2
338 7.54312E+18 2.53016E+2
338 1.00000E+19 2.47636E+2
344 1.00000E+13 1.03719E+3
344 1.32571E+13 1.03713E+3
344 1.75751E+13 1.03705E+3
344 2.32995E+13 1.03695E+3
344 3.08884E+13 1.03682E+3
344 4.09492E+13 1.03666E+3
344 5.42868E+13 1.03644E+3
344 7.19686E+13 1.03617E+3
344 9.54095E+13 1.03582E+3
344 1.26486E+14 1.03537E+3
344 1.67683E+14 1.03480E+3
344 2.22300E+14 1.03407E+3
344 2.94705E+14 1.03313E+3
344 3.90694E+14 1.03194E+3
344 5.17947E+14 1.03041E+3
344 6.86649E+14 1.02846E+3
344 9.10298E+14 1.02597E+3
344 1.20679E+15 1.02280E+3
344 1.59986E+15 1.01878E+3
344 2.12095E+15 1.01369E+3
344 2.81177E+15 1.00726E+3
344 3.72759E+15 9.99172E+2
344 4.94171E+15 9.89049E+2
344 6.55129E+15 9.76458E+2
344 8.68511E+15 9.60921E+2
344 1.15140E+16 9.41933E+2
344 1.52642E+16 9.19001E+2
344 2.02359E+16 8.91696E+2
344 2.68270E+16 8.59732E+2
344 3.55648E+16 8.23051E+2
344 4.71487E+16 7.81907E+2
344 6.25055E+16 7.36922E+2
344 8.28643E+16 6.89080E+2
344 1.09854E+17 6.39725E+2
344 1.45635E+17 5.90280E+2
344 1.93070E+17 5.42285E+2
344 2.55955E+17 4.97076E+2
344 3.39322E+17 4.55572E+2
344 4.49843E+17 4.18494E+2
344 5.96362E+17 3.86051E+2
344 7.90604E+17 3.58166E+2
344 1.04811E+18 3.34590E+2
344 1.38950E+18 3.14813E+2
344 1.84207E+18 2.98422E+2
344 2.44205E+18 2.84830E+2
344 3.23746E+18 2.73608E+2
344 4.29193E+18 2.64335E+2
344 5.68987E+18 2.56650E+2
344 7.54312E+18 2.50295E+2
344 1.00000E+19 2.44981E+2
350 1.00000E+13 1.00255E+3
350 1.32571E+13 1.00249E+3
350 1.75751E+13 1.00241E+3
350 2.32995E+13 1.00232E+3
350 3.08884E+13 1.00220E+3
350 4.09492E+13 1.00204E+3
350 5.42868E+13 1.00184E+3
350 7.19686E+13 1.00158E+3
350 9.54095E+13 1.00126E+3
350 1.26486E+14 1.00084E+3
350 1.67683E+14 1.00030E+3
350 2.22300E+14 9.99614E+2
350 2.94705E+14 9.98737E+2
350 3.90694E+14 9.97616E+2
350 5.17947E+14 9.96185E+2
350 6.86649E+14 9.94361E+2
350 9.10298E+14 9.92037E+2
350 1.20679E+15 9.89080E+2
350 1.59986E+15 9.85326E+2
350 2.12095E+15 9.80572E+2
350 2.81177E+15 9.74569E+2
350 3.72759E+15 9.67018E+2
350 4.94171E+15 9.57568E+2
350 6.55129E+15 9.45811E+2
350 8.68511E+15 9.31295E+2
350 1.15140E+16 9.13541E+2
350 1.52642E+16 8.92073E+2
350 2.02359E+16 8.66471E+2
350 2.68270E+16 8.36444E+2
350 3.55648E+16 8.01895E+2
350 4.71487E+16 7.63024E+2
350 6.25055E+16 7.20374E+2
350 8.28643E+16 6.74849E+2
350 1.09854E+17 6.27646E+2
350 1.45635E+17 5.80186E+2
350 1.93070E+17 5.33880E+2
350 2.55955E+17 4.90057E+2
350 3.39322E+17 4.49701E+2
350 4.49843E+17 4.13460E+2
350 5.96362E+17 3.81633E+2
350 7.90604E+17 3.54228E+2
350 1.04811E+18 3.30967E+2
350 1.38950E+18 3.11455E+2
350 1.84207E+18 2.95228E+2
350 2.44205E+18 2.81803E+2
350 3.23746E+18 2.70721E+2
350 4.29193E+18 2.61533E+2
350 5.68987E+18 2.53960E+2
350 7.54312E+18 2.47652E+2
350 1.00000E+19 2.42400E+2
356 1.00000E+13 9.69762E+2
356 1.32571E+13 9.69707E+2
356 1.75751E+13 9.69637E+2
356 2.32995E+13 9.69547E+2
356 3.08884E+13 9.69432E+2
356 4.09492E+13 9.69285E+2
356 5.42868E+13 9.69096E+2
356 7.19686E+13 9.68855E+2
356 9.54095E+13 9.68547E+2
356 1.26486E+14 9.68153E+2
356 1.67683E+14 9.67649E+2
356 2.22300E+14 9.67006E+2
356 2.94705E+14 9.66183E+2
356 3.90694E+14 9.65133E+2
356 5.17947E+14 9.63793E+2
356 6.86649E+14 9.62084E+2
356 9.10298E+14 9.59909E+2
356 1.20679E+15 9.57143E+2
356 1.59986E+15 9.53633E+2
356 2.12095E+15 9.49188E+2
356 2.81177E+15 9.43577E+2
356 3.72759E+15 9.36521E+2
356 4.94171E+15 9.27688E+2
356 6.55129E+15 9.16696E+2
356 8.68511E+15 9.03119E+2
356 1.15140E+16 8.86500E+2
356 1.52642E+16 8.66383E+2
356 2.02359E+16 8.42359E+2
356 2.68270E+16 8.14122E+2
356 3.55648E+16 7.81562E+2
356 4.71487E+16 7.44819E+2
356 6.25055E+16 7.04367E+2
356 8.28643E+16 6.61022E+2
356 1.09854E+17 6.15909E+2
356 1.45635E+17 5.70333E+2
356 1.93070E+17 5.25663E+2
356 2.55955E+17 4.83194E+2
356 3.39322E+17 4.43914E+2
356 4.49843E+17 4.08510E+2
356 5.96362E+17 3.77338E+2
356 7.90604E+17 3.50407E+2
356 1.04811E+18 3.27498E+2
356 1.38950E+18 3.08215E+2
356 1.84207E+18 2.92188E+2
356 2.44205E+18 2.78886E+2
356 3.23746E+18 2.67901E+2
356 4.29193E+18 2.58832E+2
356 5.68987E+18 2.51328E+2
356 7.54312E+18 2.45101E+2
356 1.00000E+19 2.39907E+2
362 1.00000E+13 9.38709E+2
362 1.32571E+13 9.38657E+2
362 1.75751E+13 9.38590E+2
362 2.32995E+13 9.38505E+2
362 3.08884E+13 9.38397E+2
362 4.09492E+13 9.38258E+2
362 5.42868E+13 9.38081E+2
362 7.19686E+13 9.37854E+2
362 9.54095E+13 9.37564E+2
362 1.26486E+14 9.37193E+2
362 1.67683E+14 9.36720E+2
362 2.22300E+14 9.36115E+2
362 2.94705E+14 9.35343E+2
362 3.90694E+14 9.34357E+2
362 5.17947E+14 9.33100E+2
362 6.86649E+14 9.31498E+2
362 9.10298E+14 9.29460E+2
362 1.20679E+15 9.26869E+2
362 1.59986E+15 9.23583E+2
362 2.12095E+15 9.19423E+2
362 2.81177E+15 9.14172E+2
362 3.72759E+15 9.07569E+2
362 4.94171E+15 8.99303E+2
362 6.55129E+15 8.89016E+2
362 8.68511E+15 8.76302E+2
362 1.15140E+16 8.60730E+2
362 1.52642E+16 8.41860E+2
362 2.02359E+16 8.19293E+2
362 2.68270E+16 7.92721E+2
362 3.55648E+16 7.62011E+2
362 4.71487E+16 7.27265E+2
362 6.25055E+16 6.88883E+2
362 8.28643E+16 6.47602E+2
362 1.09854E+17 6.04463E+2
362 1.45635E+17 5.60692E+2
362 1.93070E+17 5.17627E+2
362 2.55955E+17 4.76479E+2
362 3.39322E+17 4.38258E+2
362 4.49843E+17 4.03716E+2
362 5.96362E+17 3.73154E+2
362 7.90604E+17 3.46665E+2
362 1.04811E+18 3.24103E+2
362 1.38950E+18 3.05080E+2
362 1.84207E+18 2.89216E+2
362 2.44205E+18 2.76071E+2
362 3.23746E+18 2.65181E+2
362 4.29193E+18 2.56190E+2
362 5.68987E+18 2.48787E+2
362 7.54312E+18 2.42612E+2
362 1.00000E+19 2.37481E+2
368 1.00000E+13 9.09267E+2
368 1.32571E+13 9.09218E+2
368 1.75751E+13 9.09155E+2
368 2.32995E+13 9.09075E+2
368 3.08884E+13 9.08973E+2
368 4.09492E+13 9.08842E+2
368 5.42868E+13 9.08674E+2
368 7.19686E+13 9.08460E+2
368 9.54095E+13 9.08187E+2
368 1.26486E+14 9.07838E+2
368 1.67683E+14 9.07393E+2
368 2.22300E+14 9.06824E+2
368 2.94705E+14 9.06098E+2
368 3.90694E+14 9.05172E+2
368 5.17947E+14 9.03991E+2
368 6.86649E+14 9.02488E+2
368 9.10298E+14 9.00576E+2
368 1.20679E+15 8.98146E+2
368 1.59986E+15 8.95065E+2
368 2.12095E+15 8.91167E+2
368 2.81177E+15 8.86247E+2
368 3.72759E+15 8.80061E+2
368 4.94171E+15 8.72318E+2
368 6.55129E+15 8.62678E+2
368 8.68511E+15 8.50761E+2
368 1.15140E+16 8.36153E+2
368 1.52642E+16 8.18436E+2
368 2.02359E+16 7.97219E+2
368 2.68270E+16 7.72196E+2
368 3.55648E+16 7.43211E+2
368 4.71487E+16 7.10330E+2
368 6.25055E+16 6.73893E+2
368 8.28643E+16 6.34577E+2
368 1.09854E+17 5.93319E+2
368 1.45635E+17 5.51281E+2
368 1.93070E+17 5.09740E+2
368 2.55955E+17 4.69906E+2
368 3.39322E+17 4.32724E+2
368 4.49843E+17 3.98984E+2
368 5.96362E+17 3.69048E+2
368 7.90604E+17 3.43027E+2
368 1.04811E+18 3.20779E+2
368 1.38950E+18 3.02012E+2
368 1.84207E+18 2.86343E+2
368 2.44205E+18 2.73317E+2
368 3.23746E+18 2.62554E+2
368 4.29193E+18 2.53671E+2
368 5.68987E+18 2.46299E+2
368 7.54312E+18 2.40213E+2
368 1.00000E+19 2.35133E+2
374 1.00000E+13 8.81328E+2
374 1.32571E+13 8.81281E+2
374 1.75751E+13 8.81222E+2
374 2.32995E+13 8.81146E+2
374 3.08884E+13 8.81049E+2
374 4.09492E+13 8.80925E+2
374 5.42868E+13 8.80767E+2
374 7.19686E+13 8.80566E+2
374 9.54095E+13 8.80308E+2
374 1.26486E+14 8.79979E+2
374 1.67683E+14 8.79559E+2
374 2.22300E+14 8.79023E+2
374 2.94705E+14 8.78340E+2
374 3.90694E+14 8.77469E+2
374 5.17947E+14 8.76360E+2
374 6.86649E+14 8.74947E+2
374 9.10298E+14 8.73151E+2
374 1.20679E+15 8.70870E+2
374 1.59986E+15 8.67979E+2
374 2.12095E+15 8.64321E+2
374 2.81177E+15 8.59707E+2
374 3.72759E+15 8.53905E+2
374 4.94171E+15 8.46642E+2
374 6.55129E+15 8.37600E+2
374 8.68511E+15 8.26417E+2
374 1.15140E+16 8.12701E+2
374 1.52642E+16 7.96051E+2
374 2.02359E+16 7.76087E+2
374 2.68270E+16 7.52503E+2
374 3.55648E+16 7.25128E+2
374 4.71487E+16 6.93994E+2
374 6.25055E+16 6.59398E+2
374 8.28643E+16 6.21924E+2
374 1.09854E+17 5.82456E+2
374 1.45635E+17 5.42095E+2
374 1.93070E+17 5.02027E+2
374 2.55955E+17 4.63439E+2
374 3.39322E+17 4.27305E+2
374 4.49843E+17 3.94357E+2
374 5.96362E+17 3.65030E+2
374 7.90604E+17 3.39458E+2
374 1.04811E+18 3.17552E+2
374 1.38950E+18 2.99039E+2
374 1.84207E+18 2.83530E+2
374 2.44205E+18 2.70655E+2
374 3.23746E+18 2.59983E+2
374 4.29193E+18 2.51173E+2
374 5.68987E+18 2.43894E+2
374 7.54312E+18 2.37862E+2
374 1.00000E+19 2.32832E+2
380 1.00000E+13 8.54790E+2
380 1.32571E+13 8.54746E+2
380 1.75751E+13 8.54690E+2
380 2.32995E+13 8.54618E+2
380 3.08884E+13 8.54527E+2
380 4.09492E+13 8.54410E+2
380 5.42868E+13 8.54260E+2
380 7.19686E+13 8.54070E+2
380 9.54095E+13 8.53826E+2
380 1.26486E+14 8.53516E+2
380 1.67683E+14 8.53120E+2
380 2.22300E+14 8.52615E+2
380 2.94705E+14 8.51971E+2
380 3.90694E+14 8.51151E+2
380 5.17947E+14 8.50107E+2
380 6.86649E+14 8.48778E+2
380 9.10298E+14 8.47089E+2
380 1.20679E+15 8.44946E+2
380 1.59986E+15 8.42229E+2
380 2.12095E+15 8.38793E+2
380 2.81177E+15 8.34460E+2
380 3.72759E+15 8.29013E+2
380 4.94171E+15 8.22194E+2
380 6.55129E+15 8.13703E+2
380 8.68511E+15 8.03199E+2
380 1.15140E+16 7.90307E+2
380 1.52642E+16 7.74645E+2
380 2.02359E+16 7.55844E+2
380 2.68270E+16 7.33598E+2
380 3.55648E+16 7.07728E+2
380 4.71487E+16 6.78233E+2
380 6.25055E+16 6.45364E+2
380 8.28643E+16 6.09642E+2
380 1.09854E+17 5.71893E+2
380 1.45635E+17 5.33127E+2
380 1.93070E+17 4.94482E+2
380 2.55955E+17 4.57106E+2
380 3.39322E+17 4.21995E+2
380 4.49843E+17 3.89830E+2
380 5.96362E+17 3.61095E+2
380 7.90604E+17 3.35981E+2
380 1.04811E+18 3.14414E+2
380 1.38950E+18 2.96125E+2
380 1.84207E+18 2.80806E+2
380 2.44205E+18 2.68048E+2
380 3.23746E+18 2.57496E+2
380 4.29193E+18 2.48785E+2
380 5.68987E+18 2.41566E+2
380 7.54312E+18 2.35585E+2
380 1.00000E+19 2.30617E+2
386 1.00000E+13 8.29563E+2
386 1.32571E+13 8.29521E+2
386 1.75751E+13 8.29467E+2
386 2.32995E+13 8.29399E+2
386 3.08884E+13 8.29313E+2
386 4.09492E+13 8.29202E+2
386 5.42868E+13 8.29061E+2
386 7.19686E+13 8.28880E+2
386 9.54095E+13 8.28650E+2
386 1.26486E+14 8.28357E+2
386 1.67683E+14 8.27983E+2
386 2.22300E+14 8.27507E+2
386 2.94705E+14 8.26900E+2
386 3.90694E+14 8.26127E+2
386 5.17947E+14 8.25143E+2
386 6.86649E+14 8.23892E+2
386 9.10298E+14 8.22302E+2
386 1.20679E+15 8.20285E+2
386 1.59986E+15 8.17730E+2
386 2.12095E+15 8.14499E+2
386 2.81177E+15 8.10426E+2
386 3.72759E+15 8.05306E+2
386 4.94171E+15 7.98897E+2
386 6.55129E+15 7.90915E+2
386 8.68511E+15 7.81038E+2
386 1.15140E+16 7.68911E+2
386 1.52642E+16 7.54164E+2
386 2.02359E+16 7.36443E+2
386 2.68270E+16 7.15446E+2
386 3.55648E+16 6.90979E+2
386 4.71487E+16 6.63020E+2
386 6.25055E+16 6.31782E+2
386 8.28643E+16 5.97728E+2
386 1.09854E+17 5.61596E+2
386 1.45635E+17 5.24356E+2
386 1.93070E+17 4.87100E+2
386 2.55955E+17 4.50928E+2
386 3.39322E+17 4.16761E+2
386 4.49843E+17 3.85396E+2
386 5.96362E+17 3.57249E+2
386 7.90604E+17 3.32601E+2
386 1.04811E+18 3.11335E+2
386 1.38950E+18 2.93296E+2
386 1.84207E+18 2.78137E+2
386 2.44205E+18 2.65524E+2
386 3.23746E+18 2.55086E+2
386 4.29193E+18 2.46445E+2
386 5.68987E+18 2.39283E+2
386 7.54312E+18 2.33380E+2
386 1.00000E+19 2.28449E+2
392 1.00000E+13 8.05560E+2
392 1.32571E+13 8.05520E+2
392 1.75751E+13 8.05469E+2
392 2.32995E+13 8.05405E+2
392 3.08884E+13 8.05323E+2
392 4.09492E+13 8.05218E+2
392 5.42868E+13 8.05084E+2
392 7.19686E+13 8.04913E+2
392 9.54095E+13 8.04696E+2
392 1.26486E+14 8.04418E+2
392 1.67683E+14 8.04065E+2
392 2.22300E+14 8.03615E+2
392 2.94705E+14 8.03042E+2
392 3.90694E+14 8.02313E+2
392 5.17947E+14 8.01385E+2
392 6.86649E+14 8.00205E+2
392 9.10298E+14 7.98707E+2
392 1.20679E+15 7.96807E+2
392 1.59986E+15 7.94402E+2
392 2.12095E+15 7.91361E+2
392 2.81177E+15 7.87528E+2
392 3.72759E+15 7.82711E+2
392 4.94171E+15 7.76681E+2
392 6.55129E+15 7.69171E+2
392 8.68511E+15 7.59875E+2
392 1.15140E+16 7.48455E+2
392 1.52642E+16 7.34559E+2
392 2.02359E+16 7.17842E+2
392 2.68270E+16 6.98008E+2
392 3.55648E+16 6.74854E+2
392 4.71487E+16 6.48340E+2
392 6.25055E+16 6.18630E+2
392 8.28643E+16 5.86147E+2
392 1.09854E+17 5.51572E+2
392 1.45635E+17 5.15807E+2
392 1.93070E+17 4.79876E+2
392 2.55955E+17 4.44827E+2
392 3.39322E+17 4.11631E+2
392 4.49843E+17 3.81019E+2
392 5.96362E+17 3.53486E+2
392 7.90604E+17 3.29267E+2
392 1.04811E+18 3.08315E+2
392 1.38950E+18 2.90521E+2
392 1.84207E+18 2.75547E+2
392 2.44205E+18 2.63076E+2
392 3.23746E+18 2.52724E+2
392 4.29193E+18 2.44151E+2
392 5.68987E+18 2.37072E+2
392 7.54312E+18 2.31215E+2
392 1.00000E+19 2.26353E+2
398 1.00000E+13 7.82703E+2
398 1.32571E+13 7.82666E+2
398 1.75751E+13 7.82618E+2
398 2.32995E+13 7.82556E+2
398 3.08884E+13 7.82478E+2
398 4.09492E+13 7.82379E+2
398 5.42868E+13 7.82252E+2
398 7.19686E+13 7.82090E+2
398 9.54095E+13 7.81884E+2
398 1.26486E+14 7.81622E+2
398 1.67683E+14 7.81288E+2
398 2.22300E+14 7.80862E+2
398 2.94705E+14 7.80321E+2
398 3.90694E+14 7.79632E+2
398 5.17947E+14 7.78756E+2
398 6.86649E+14 7.77643E+2
398 9.10298E+14 7.76230E+2
398 1.20679E+15 7.74439E+2
398 1.59986E+15 7.72171E+2
398 2.12095E+15 7.69306E+2
398 2.81177E+15 7.65696E+2
398 3.72759E+15 7.61159E+2
398 4.94171E+15 7.55480E+2
398 6.55129E+15 7.48407E+2
398 8.68511E+15 7.39649E+2
398 1.15140E+16 7.28886E+2
398 1.52642E+16 7.15780E+2
398 2.02359E+16 6.99998E+2
398 2.68270E+16 6.81248E+2
398 3.55648E+16 6.59324E+2
398 4.71487E+16 6.34164E+2
398 6.25055E+16 6.05903E+2
398 8.28643E+16 5.74910E+2
398 1.09854E+17 5.41811E+2
398 1.45635E+17 5.07447E+2
398 1.93070E+17 4.72791E+2
398 2.55955E+17 4.38870E+2
398 3.39322E+17 4.06601E+2
398 4.49843E+17 3.76730E+2
398 5.96362E+17 3.49801E+2
398 7.90604E+17 3.26010E+2
398 1.04811E+18 3.05392E+2
398 1.38950E+18 2.87822E+2
398 1.84207E+18 2.73031E+2
398 2.44205E+18 2.60675E+2
398 3.23746E+18 2.50434E+2
398 4.29193E+18 2.41952E+2
398 5.68987E+18 2.34926E+2
398 7.54312E+18 2.29116E+2
398 1.00000E+19 2.24294E+2
404 1.00000E+13 7.60922E+2
404 1.32571E+13 7.60886E+2
404 1.75751E+13 7.60840E+2
404 2.32995E+13 7.60782E+2
404 3.08884E+13 7.60708E+2
404 4.09492E+13 7.60613E+2
404 5.42868E+13 7.60493E+2
404 7.19686E+13 7.60340E+2
404 9.54095E+13 7.60144E+2
404 1.26486E+14 7.59896E+2
404 1.67683E+14 7.59579E+2
404 2.22300E+14 7.59177E+2
404 2.94705E+14 7.58664E+2
404 3.90694E+14 7.58013E+2
404 5.17947E+14 7.57185E+2
404 6.86649E+14 7.56134E+2
404 9.10298E+14 7.54800E+2
404 1.20679E+15 7.53110E+2
404 1.59986E+15 7.50970E+2
404 2.12095E+15 7.48269E+2
404 2.81177E+15 7.44864E+2
404 3.72759E+15 7.40587E+2
404 4.94171E+15 7.35234E+2
404 6.55129E+15 7.28566E+2
404 8.68511E+15 7.20308E+2
404 1.15140E+16 7.10155E+2
404 1.52642E+16 6.97784E+2
404 2.02359E+16 6.82873E+2
404 2.68270E+16 6.65136E+2
404 3.55648E+16 6.44362E+2
404 4.71487E+16 6.20474E+2
404 6.25055E+16 5.93576E+2
404 8.28643E+16 5.63999E+2
404 1.09854E+17 5.32306E+2
404 1.45635E+17 4.99286E+2
404 1.93070E+17 4.65858E+2
404 2.55955E+17 4.33012E+2
404 3.39322E+17 4.01666E+2
404 4.49843E+17 3.72525E+2
404 5.96362E+17 3.46158E+2
404 7.90604E+17 3.22790E+2
404 1.04811E+18 3.02509E+2
404 1.38950E+18 2.85193E+2
404 1.84207E+18 2.70562E+2
404 2.44205E+18 2.58343E+2
404 3.23746E+18 2.48186E+2
404 4.29193E+18 2.39793E+2
404 5.68987E+18 2.32821E+2
404 7.54312E+18 2.27078E+2
404 1.00000E+19 2.22295E+2
410 1.00000E+13 7.40148E+2
410 1.32571E+13 7.40114E+2
410 1.75751E+13 7.40070E+2
410 2.32995E+13 7.40015E+2
410 3.08884E+13 7.39944E+2
410 4.09492E+13 7.39855E+2
410 5.42868E+13 7.39740E+2
410 7.19686E+13 7.39595E+2
410 9.54095E+13 7.39410E+2
410 1.26486E+14 7.39174E+2
410 1.67683E+14 7.38874E+2
410 2.22300E+14 7.38493E+2
410 2.94705E+14 7.38008E+2
410 3.90694E+14 7.37391E+2
410 5.17947E+14 7.36608E+2
410 6.86649E+14 7.35614E+2
410 9.10298E+14 7.34354E+2
410 1.20679E+15 7.32757E+2
410 1.59986E+15 7.30737E+2
410 2.12095E+15 7.28186E+2
410 2.81177E+15 7.24973E+2
410 3.72759E+15 7.20937E+2
410 4.94171E+15 7.15887E+2
410 6.55129E+15 7.09595E+2
410 8.68511E+15 7.01801E+2
410 1.15140E+16 6.92216E+2
410 1.52642E+16 6.80529E+2
410 2.02359E+16 6.66430E+2
410 2.68270E+16 6.49638E+2
410 3.55648E+16 6.29943E+2
410 4.71487E+16 6.07251E+2
410 6.25055E+16 5.81639E+2
410 8.28643E+16 5.53399E+2
410 1.09854E+17 5.23043E+2
410 1.45635E+17 4.91316E+2
410 1.93070E+17 4.59074E+2
410 2.55955E+17 4.27288E+2
410 3.39322E+17 3.96804E+2
410 4.49843E+17 3.68400E+2
410 5.96362E+17 3.42590E+2
410 7.90604E+17 3.19674E+2
410 1.04811E+18 2.99704E+2
410 1.38950E+18 2.82610E+2
410 1.84207E+18 2.68159E+2
410 2.44205E+18 2.56054E+2
410 3.23746E+18 2.46004E+2
410 4.29193E+18 2.37674E+2
410 5.68987E+18 2.30798E+2
410 7.54312E+18 2.25076E+2
410 1.00000E+19 2.20352E+2
416 1.00000E+13 7.20320E+2
416 1.32571E+13 7.20288E+2
416 1.75751E+13 7.20247E+2
416 2.32995E+13 7.20194E+2
416 3.08884E+13 7.20127E+2
416 4.09492E+13 7.20041E+2
416 5.42868E+13 7.19933E+2
416 7.19686E+13 7.19795E+2
416 9.54095E+13 7.19619E+2
416 1.26486E+14 7.19395E+2
416 1.67683E+14 7.19111E+2
416 2.22300E+14 7.18749E+2
416 2.94705E+14 7.18290E+2
416 3.90694E+14 7.17706E+2
416 5.17947E+14 7.16964E+2
416 6.86649E+14 7.16024E+2
416 9.10298E+14 7.14832E+2
416 1.20679E+15 7.13322E+2
416 1.59986E+15 7.11412E+2
416 2.12095E+15 7.09002E+2
416 2.81177E+15 7.05967E+2
416 3.72759E+15 7.02155E+2
416 4.94171E+15 6.97386E+2
416 6.55129E+15 6.91443E+2
416 8.68511E+15 6.84082E+2
416 1.15140E+16 6.75024E+2
416 1.52642E+16 6.63975E+2
416 2.02359E+16 6.50634E+2
416 2.68270E+16 6.34726E+2
416 3.55648E+16 6.16042E+2
416 4.71487E+16 5.94473E+2
416 6.25055E+16 5.70078E+2
416 8.28643E+16 5.43104E+2
416 1.09854E+17 5.14030E+2
416 1.45635E+17 4.83526E+2
416 1.93070E+17 4.52434E+2
416 2.55955E+17 4.21658E+2
416 3.39322E+17 3.92053E+2
416 4.49843E+17 3.64351E+2
416 5.96362E+17 3.39091E+2
416 7.90604E+17 3.16591E+2
416 1.04811E+18 2.96961E+2
416 1.38950E+18 2.80090E+2
416 1.84207E+18 2.65799E+2
416 2.44205E+18 2.53849E+2
416 3.23746E+18 2.43882E+2
416 4.29193E+18 2.35636E+2
416 5.68987E+18 2.28789E+2
416 7.54312E+18 2.23130E+2
416 1.00000E+19 2.18442E+2
422 1.00000E+13 7.01382E+2
422 1.32571E+13 7.01351E+2
422 1.75751E+13 7.01312E+2
422 2.32995E+13 7.01262E+2
422 3.08884E+13 7.01198E+2
422 4.09492E+13 7.01117E+2
422 5.42868E+13 7.01013E+2
422 7.19686E+13 7.00882E+2
422 9.54095E+13 7.00715E+2
422 1.26486E+14 7.00502E+2
422 1.67683E+14 7.00232E+2
422 2.22300E+14 6.99889E+2
422 2.94705E+14 6.99454E+2
422 3.90694E+14 6.98900E+2
422 5.17947E+14 6.98198E+2
422 6.86649E+14 6.97307E+2
422 9.10298E+14 6.96178E+2
422 1.20679E+15 6.94749E+2
422 1.59986E+15 6.92943E+2
422 2.12095E+15 6.90664E+2
422 2.81177E+15 6.87794E+2
422 3.72759E+15 6.84191E+2
422 4.94171E+15 6.79682E+2
422 6.55129E+15 6.74065E+2
422 8.68511E+15 6.67106E+2
422 1.15140E+16 6.58541E+2
422 1.52642E+16 6.48086E+2
422 2.02359E+16 6.35453E+2
422 2.68270E+16 6.20374E+2
422 3.55648E+16 6.02636E+2
422 4.71487E+16 5.82127E+2
422 6.25055E+16 5.58874E+2
422 8.28643E+16 5.33106E+2
422 1.09854E+17 5.05245E+2
422 1.45635E+17 4.75920E+2
422 1.93070E+17 4.45935E+2
422 2.55955E+17 4.16139E+2
422 3.39322E+17 3.87370E+2
422 4.49843E+17 3.60353E+2
422 5.96362E+17 3.35658E+2
422 7.90604E+17 3.13572E+2
422 1.04811E+18 2.94246E+2
422 1.38950E+18 2.77605E+2
422 1.84207E+18 2.63517E+2
422 2.44205E+18 2.51662E+2
422 3.23746E+18 2.41797E+2
422 4.29193E+18 2.33614E+2
422 5.68987E+18 2.26856E+2
422 7.54312E+18 2.21238E+2
422 1.00000E+19 2.16585E+2
428 1.00000E+13 6.83281E+2
428 1.32571E+13 6.83251E+2
428 1.75751E+13 6.83214E+2
428 2.32995E+13 6.83166E+2
428 3.08884E+13 6.83105E+2
428 4.09492E+13 6.83028E+2
428 5.42868E+13 6.82929E+2
428 7.19686E+13 6.82804E+2
428 9.54095E+13 6.82645E+2
428 1.26486E+14 6.82444E+2
428 1.67683E+14 6.82187E+2
428 2.22300E+14 6.81861E+2
428 2.94705E+14 6.81448E+2
428 3.90694E+14 6.80922E+2
428 5.17947E+14 6.80256E+2
428 6.86649E+14 6.79412E+2
428 9.10298E+14 6.78342E+2
428 1.20679E+15 6.76989E+2
428 1.59986E+15 6.75279E+2
428 2.12095E+15 6.73121E+2
428 2.81177E+15 6.70406E+2
428 3.72759E+15 6.66997E+2
428 4.94171E+15 6.62731E+2
428 6.55129E+15 6.57418E+2
428 8.68511E+15 6.50833E+2
428 1.15140E+16 6.42726E+2
428 1.52642E+16 6.32827E+2
428 2.02359E+16 6.20856E+2
428 2.68270E+16 6.06552E+2
428 3.55648E+16 5.89704E+2
428 4.71487E+16 5.70190E+2
428 6.25055E+16 5.48023E+2
428 8.28643E+16 5.23390E+2
428 1.09854E+17 4.96690E+2
428 1.45635E+17 4.68501E+2
428 1.93070E+17 4.39565E+2
428 2.55955E+17 4.10715E+2
428 3.39322E+17 3.82774E+2
428 4.49843E+17 3.56449E+2
428 5.96362E+17 3.32265E+2
428 7.90604E+17 3.10612E+2
428 1.04811E+18 2.91591E+2
428 1.38950E+18 2.75202E+2
428 1.84207E+18 2.61256E+2
428 2.44205E+18 2.49550E+2
428 3.23746E+18 2.39769E+2
428 4.29193E+18 2.31666E+2
428 5.68987E+18 2.24955E+2
428 7.54312E+18 2.19396E+2
428 1.00000E+19 2.14777E+2
434 1.00000E+13 6.65967E+2
434 1.32571E+13 6.65939E+2
434 1.75751E+13 6.65903E+2
434 2.32995E+13 6.65857E+2
434 3.08884E+13 6.65799E+2
434 4.09492E+13 6.65725E+2
434 5.42868E+13 6.65632E+2
434 7.19686E+13 6.65513E+2
434 9.54095E+13 6.65361E+2
434 1.26486E+14 6.65169E+2
434 1.67683E+14 6.64926E+2
434 2.22300E+14 6.64616E+2
434 2.94705E+14 6.64223E+2
434 3.90694E+14 6.63724E+2
434 5.17947E+14 6.63092E+2
434 6.86649E+14 6.62291E+2
434 9.10298E+14 6.61277E+2
434 1.20679E+15 6.59994E+2
434 1.59986E+15 6.58373E+2
434 2.12095E+15 6.56329E+2
434 2.81177E+15 6.53757E+2
434 3.72759E+15 6.50529E+2
434 4.94171E+15 6.46491E+2
434 6.55129E+15 6.41460E+2
434 8.68511E+15 6.35225E+2
434 1.15140E+16 6.27547E+2
434 1.52642E+16 6.18166E+2
434 2.02359E+16 6.06814E+2
434 2.68270E+16 5.93238E+2
434 3.55648E+16 5.77225E+2
434 4.71487E+16 5.58648E+2
434 6.25055E+16 5.37504E+2
434 8.28643E+16 5.13955E+2
434 1.09854E+17 4.88352E+2
434 1.45635E+17 4.61242E+2
434 1.93070E+17 4.33329E+2
434 2.55955E+17 4.05408E+2
434 3.39322E+17 3.78261E+2
434 4.49843E+17 3.52594E+2
434 5.96362E+17 3.28956E+2
434 7.90604E+17 3.07709E+2
434 1.04811E+18 2.88991E+2
434 1.38950E+18 2.72822E+2
434 1.84207E+18 2.59066E+2
434 2.44205E+18 2.47474E+2
434 3.23746E+18 2.37792E+2
434 4.29193E+18 2.29751E+2
434 5.68987E+18 2.23105E+2
434 7.54312E+18 2.17584E+2
434 1.00000E+19 2.13015E+2
440 1.00000E+13 6.49395E+2
440 1.32571E+13 6.49368E+2
440 1.75751E+13 6.49334E+2
440 2.32995E+13 6.49290E+2
440 3.08884E+13 6.49235E+2
440 4.09492E+13 6.49164E+2
440 5.42868E+13 6.49075E+2
440 7.19686E+13 6.48962E+2
440 9.54095E+13 6.48818E+2
440 1.26486E+14 6.48635E+2
440 1.67683E+14 6.48403E+2
440 2.22300E+14 6.48108E+2
440 2.94705E+14 6.47735E+2
440 3.90694E+14 6.47261E+2
440 5.17947E+14 6.46660E+2
440 6.86649E+14 6.45900E+2
440 9.10298E+14 6.44937E+2
440 1.20679E+15 6.43720E+2
440 1.59986E+15 6.42183E+2
440 2.12095E+15 6.40245E+2
440 2.81177E+15 6.37807E+2
440 3.72759E+15 6.34748E+2
440 4.94171E+15 6.30921E+2
440 6.55129E+15 6.26155E+2
440 8.68511E+15 6.20246E+2
440 1.15140E+16 6.12968E+2
440 1.52642E+16 6.04072E+2
440 2.02359E+16 5.93300E+2
440 2.68270E+16 5.80406E+2
440 3.55648E+16 5.65179E+2
440 4.71487E+16 5.47485E+2
440 6.25055E+16 5.27308E+2
440 8.28643E+16 5.04784E+2
440 1.09854E+17 4.80235E+2
440 1.45635E+17 4.54160E+2
440 1.93070E+17 4.27227E+2
440 2.55955E+17 4.00192E+2
440 3.39322E+17 3.73815E+2
440 4.49843E+17 3.48790E+2
440 5.96362E+17 3.25685E+2
440 7.90604E+17 3.04836E+2
440 1.04811E+18 2.86443E+2
440 1.38950E+18 2.70494E+2
440 1.84207E+18 2.56910E+2
440 2.44205E+18 2.45432E+2
440 3.23746E+18 2.35849E+2
440 4.29193E+18 2.27885E+2
440 5.68987E+18 2.21285E+2
440 7.54312E+18 2.15819E+2
440 1.00000E+19 2.11282E+2
446 1.00000E+13 6.33523E+2
446 1.32571E+13 6.33497E+2
446 1.75751E+13 6.33464E+2
446 2.32995E+13 6.33422E+2
446 3.08884E+13 6.33370E+2
446 4.09492E+13 6.33302E+2
446 5.42868E+13 6.33217E+2
446 7.19686E+13 6.33109E+2
446 9.54095E+13 6.32972E+2
446 1.26486E+14 6.32798E+2
446 1.67683E+14 6.32577E+2
446 2.22300E+14 6.32296E+2
446 2.94705E+14 6.31941E+2
446 3.90694E+14 6.31490E+2
446 5.17947E+14 6.30919E+2
446 6.86649E+14 6.30196E+2
446 9.10298E+14 6.29282E+2
446 1.20679E+15 6.28126E+2
446 1.59986E+15 6.26667E+2
446 2.12095E+15 6.24829E+2
446 2.81177E+15 6.22516E+2
446 3.72759E+15 6.19615E+2
446 4.94171E+15 6.15986E+2
446 6.55129E+15 6.11466E+2
446 8.68511E+15 6.05863E+2
446 1.15140E+16 5.98959E+2
446 1.52642E+16 5.90517E+2
446 2.02359E+16 5.80289E+2
446 2.68270E+16 5.68034E+2
446 3.55648E+16 5.53546E+2
446 4.71487E+16 5.36684E+2
446 6.25055E+16 5.17423E+2
446 8.28643E+16 4.95872E+2
446 1.09854E+17 4.72323E+2
446 1.45635E+17 4.47244E+2
446 1.93070E+17 4.21253E+2
446 2.55955E+17 3.95077E+2
446 3.39322E+17 3.69450E+2
446 4.49843E+17 3.45069E+2
446 5.96362E+17 3.22472E+2
446 7.90604E+17 3.02018E+2
446 1.04811E+18 2.83945E+2
446 1.38950E+18 2.68216E+2
446 1.84207E+18 2.54782E+2
446 2.44205E+18 2.43454E+2
446 3.23746E+18 2.33953E+2
446 4.29193E+18 2.26065E+2
446 5.68987E+18 2.19512E+2
446 7.54312E+18 2.14083E+2
446 1.00000E+19 2.09593E+2
452 1.00000E+13 6.18311E+2
452 1.32571E+13 6.18286E+2
452 1.75751E+13 6.18254E+2
452 2.32995E+13 6.18215E+2
452 3.08884E+13 6.18164E+2
452 4.09492E+13 6.18100E+2
452 5.42868E+13 6.18019E+2
452 7.19686E+13 6.17915E+2
452 9.54095E+13 6.17784E+2
452 1.26486E+14 6.17618E+2
452 1.67683E+14 6.17408E+2
452 2.22300E+14 6.17141E+2
452 2.94705E+14 6.16802E+2
452 3.90694E+14 6.16373E+2
452 5.17947E+14 6.15830E+2
452 6.86649E+14 6.15143E+2
452 9.10298E+14 6.14274E+2
452 1.20679E+15 6.13176E+2
452 1.59986E+15 6.11790E+2
452 2.12095E+15 6.10044E+2
452 2.81177E+15 6.07849E+2
452 3.72759E+15 6.05095E+2
452 4.94171E+15 6.01651E+2
452 6.55129E+15 5.97361E+2
452 8.68511E+15 5.92044E+2
452 1.15140E+16 5.85490E+2
452 1.52642E+16 5.77474E+2
452 2.02359E+16 5.67755E+2
452 2.68270E+16 5.56102E+2
452 3.55648E+16 5.42308E+2
452 4.71487E+16 5.26232E+2
452 6.25055E+16 5.07836E+2
452 8.28643E+16 4.87211E+2
452 1.09854E+17 4.64615E+2
452 1.45635E+17 4.40484E+2
452 1.93070E+17 4.15405E+2
452 2.55955E+17 3.90060E+2
452 3.39322E+17 3.65175E+2
452 4.49843E+17 3.41410E+2
452 5.96362E+17 3.19313E+2
452 7.90604E+17 2.99251E+2
452 1.04811E+18 2.81471E+2
452 1.38950E+18 2.65985E+2
452 1.84207E+18 2.52736E+2
452 2.44205E+18 2.41508E+2
452 3.23746E+18 2.32103E+2
452 4.29193E+18 2.24275E+2
452 5.68987E+18 2.17783E+2
452 7.54312E+18 2.12405E+2
452 1.00000E+19 2.07930E+2
458 1.00000E+13 6.03722E+2
458 1.32571E+13 6.03698E+2
458 1.75751E+13 6.03668E+2
458 2.32995E+13 6.03630E+2
458 3.08884E+13 6.03582E+2
458 4.09492E+13 6.03520E+2
458 5.42868E+13 6.03443E+2
458 7.19686E+13 6.03344E+2
458 9.54095E+13 6.03219E+2
458 1.26486E+14 6.03061E+2
458 1.67683E+14 6.02860E+2
458 2.22300E+14 6.02605E+2
458 2.94705E+14 6.02283E+2
458 3.90694E+14 6.01874E+2
458 5.17947E+14 6.01357E+2
458 6.86649E+14 6.00703E+2
458 9.10298E+14 5.99876E+2
458 1.20679E+15 5.98832E+2
458 1.59986E+15 5.97515E+2
458 2.12095E+15 5.95856E+2
458 2.81177E+15 5.93770E+2
458 3.72759E+15 5.91154E+2
458 4.94171E+15 5.87884E+2
458 6.55129E+15 5.83810E+2
458 8.68511E+15 5.78760E+2
458 1.15140E+16 5.72535E+2
458 1.52642E+16 5.64917E+2
458 2.02359E+16 5.55677E+2
458 2.68270E+16 5.44588E+2
458 3.55648E+16 5.31448E+2
458 4.71487E+16 5.16115E+2
458 6.25055E+16 4.98536E+2
458 8.28643E+16 4.78789E+2
458 1.09854E+17 4.57105E+2
458 1.45635E+17 4.33882E+2
458 1.93070E+17 4.09674E+2
458 2.55955E+17 3.85139E+2
458 3.39322E+17 3.60964E+2
458 4.49843E+17 3.37800E+2
458 5.96362E+17 3.16192E+2
458 7.90604E+17 2.96532E+2
458 1.04811E+18 2.79045E+2
458 1.38950E+18 2.63798E+2
458 1.84207E+18 2.50706E+2
458 2.44205E+18 2.39591E+2
458 3.23746E+18 2.30282E+2
458 4.29193E+18 2.22528E+2
458 5.68987E+18 2.16081E+2
458 7.54312E+18 2.10753E+2
458 1.00000E+19 2.06323E+2
464 1.00000E+13 5.89722E+2
464 1.32571E+13 5.89699E+2
464 1.75751E+13 5.89671E+2
464 2.32995E+13 5.89634E+2
464 3.08884E+13 5.89588E+2
464 4.09492E+13 5.89529E+2
464 5.42868E+13 5.89455E+2
464 7.19686E+13 5.89361E+2
464 9.54095E+13 5.89242E+2
464 1.26486E+14 5.89090E+2
464 1.67683E+14 5.88899E+2
464 2.22300E+14 5.88656E+2
464 2.94705E+14 5.88348E+2
464 3.90694E+14 5.87959E+2
464 5.17947E+14 5.87466E+2
464 6.86649E+14 5.86844E+2
464 9.10298E+14 5.86056E+2
464 1.20679E+15 5.85063E+2
464 1.59986E+15 5.83810E+2
464 2.12095E+15 5.82232E+2
464 2.81177E+15 5.80249E+2
464 3.72759E+15 5.77763E+2
464 4.94171E+15 5.74654E+2
464 6.55129E+15 5.70783E+2
464 8.68511E+15 5.65983E+2
464 1.15140E+16 5.60066E+2
464 1.52642E+16 5.52823E+2
464 2.02359E+16 5.44032E+2
464 2.68270E+16 5.33474E+2
464 3.55648E+16 5.20953E+2
464 4.71487E+16 5.06319E+2
464 6.25055E+16 4.89517E+2
464 8.28643E+16 4.70603E+2
464 1.09854E+17 4.49786E+2
464 1.45635E+17 4.27433E+2
464 1.93070E+17 4.04063E+2
464 2.55955E+17 3.80304E+2
464 3.39322E+17 3.56817E+2
464 4.49843E+17 3.34251E+2
464 5.96362E+17 3.13138E+2
464 7.90604E+17 2.93860E+2
464 1.04811E+18 2.76663E+2
464 1.38950E+18 2.61631E+2
464 1.84207E+18 2.48695E+2
464 2.44205E+18 2.37737E+2
464 3.23746E+18 2.28503E+2
464 4.29193E+18 2.20822E+2
464 5.68987E+18 2.14434E+2
464 7.54312E+18 2.09127E+2
464 1.00000E+19 2.04739E+2
470 1.00000E+13 5.76280E+2
470 1.32571E+13 5.76258E+2
470 1.75751E+13 5.76230E+2
470 2.32995E+13 5.76195E+2
470 3.08884E+13 5.76151E+2
470 4.09492E+13 5.76095E+2
470 5.42868E+13 5.76024E+2
470 7.19686E+13 5.75934E+2
470 9.54095E+13 5.75820E+2
470 1.26486E+14 5.75675E+2
470 1.67683E+14 5.75492E+2
470 2.22300E+14 5.75260E+2
470 2.94705E+14 5.74967E+2
470 3.90694E+14 5.74596E+2
470 5.17947E+14 5.74126E+2
470 6.86649E+14 5.73533E+2
470 9.10298E+14 5.72783E+2
470 1.20679E+15 5.71837E+2
470 1.59986E+15 5.70644E+2
470 2.12095E+15 5.69142E+2
470 2.81177E+15 5.67256E+2
470 3.72759E+15 5.64891E+2
470 4.94171E+15 5.61935E+2
470 6.55129E+15 5.58253E+2
470 8.68511E+15 5.53688E+2
470 1.15140E+16 5.48060E+2
470 1.52642E+16 5.41169E+2
470 2.02359E+16 5.32800E+2
470 2.68270E+16 5.22743E+2
470 3.55648E+16 5.10802E+2
470 4.71487E+16 4.96831E+2
470 6.25055E+16 4.80764E+2
470 8.28643E+16 4.62642E+2
470 1.09854E+17 4.42651E+2
470 1.45635E+17 4.21134E+2
470 1.93070E+17 3.98571E+2
470 2.55955E+17 3.75561E+2
470 3.39322E+17 3.52752E+2
470 4.49843E+17 3.30760E+2
470 5.96362E+17 3.10120E+2
470 7.90604E+17 2.91232E+2
470 1.04811E+18 2.74324E+2
470 1.38950E+18 2.59527E+2
470 1.84207E+18 2.46748E+2
470 2.44205E+18 2.35903E+2
470 3.23746E+18 2.26764E+2
470 4.29193E+18 2.19141E+2
470 5.68987E+18 2.12810E+2
470 7.54312E+18 2.07552E+2
470 1.00000E+19 2.03192E+2
476 1.00000E+13 5.63364E+2
476 1.32571E+13 5.63344E+2
476 1.75751E+13 5.63317E+2
476 2.32995E+13 5.63284E+2
476 3.08884E+13 5.63241E+2
476 4.09492E+13 5.63188E+2
476 5.42868E+13 5.63119E+2
476 7.19686E+13 5.63033E+2
476 9.54095E+13 5.62924E+2
476 1.26486E+14 5.62786E+2
476 1.67683E+14 5.62611E+2
476 2.22300E+14 5.62390E+2
476 2.94705E+14 5.62110E+2
476 3.90694E+14 5.61755E+2
476 5.17947E+14 5.61307E+2
476 6.86649E+14 5.60741E+2
476 9.10298E+14 5.60027E+2
476 1.20679E+15 5.59125E+2
476 1.59986E+15 5.57989E+2
476 2.12095E+15 5.56559E+2
476 2.81177E+15 5.54763E+2
476 3.72759E+15 5.52512E+2
476 4.94171E+15 5.49698E+2
476 6.55129E+15 5.46195E+2
476 8.68511E+15 5.41851E+2
476 1.15140E+16 5.36494E+2
476 1.52642E+16 5.29933E+2
476 2.02359E+16 5.21962E+2
476 2.68270E+16 5.12375E+2
476 3.55648E+16 5.00983E+2
476 4.71487E+16 4.87639E+2
476 6.25055E+16 4.72267E+2
476 8.28643E+16 4.54899E+2
476 1.09854E+17 4.35696E+2
476 1.45635E+17 4.14975E+2
476 1.93070E+17 3.93193E+2
476 2.55955E+17 3.70915E+2
476 3.39322E+17 3.48750E+2
476 4.49843E+17 3.27327E+2
476 5.96362E+17 3.07150E+2
476 7.90604E+17 2.88631E+2
476 1.04811E+18 2.72025E+2
476 1.38950E+18 2.57440E+2
476 1.84207E+18 2.44818E+2
476 2.44205E+18 2.34084E+2
476 3.23746E+18 2.25050E+2
476 4.29193E+18 2.17498E+2
476 5.68987E+18 2.11212E+2
476 7.54312E+18 2.06000E+2
476 1.00000E+19 2.01668E+2
482 1.00000E+13 5.50948E+2
482 1.32571E+13 5.50928E+2
482 1.75751E+13 5.50903E+2
482 2.32995E+13 5.50871E+2
482 3.08884E+13 5.50830E+2
482 4.09492E+13 5.50779E+2
482 5.42868E+13 5.50714E+2
482 7.19686E+13 5.50631E+2
482 9.54095E+13 5.50527E+2
482 1.26486E+14 5.50395E+2
482 1.67683E+14 5.50227E+2
482 2.22300E+14 5.50016E+2
482 2.94705E+14 5.49748E+2
482 3.90694E+14 5.49410E+2
482 5.17947E+14 5.48982E+2
482 6.86649E+14 5.48442E+2
482 9.10298E+14 5.47760E+2
482 1.20679E+15 5.46900E+2
482 1.59986E+15 5.45817E+2
482 2.12095E+15 5.44455E+2
482 2.81177E+15 5.42744E+2
482 3.72759E+15 5.40600E+2
482 4.94171E+15 5.37920E+2
482 6.55129E+15 5.34584E+2
482 8.68511E+15 5.30448E+2
482 1.15140E+16 5.25346E+2
482 1.52642E+16 5.19096E+2
482 2.02359E+16 5.11499E+2
482 2.68270E+16 5.02356E+2
482 3.55648E+16 4.91482E+2
482 4.71487E+16 4.78730E+2
482 6.25055E+16 4.64017E+2
482 8.28643E+16 4.47366E+2
482 1.09854E+17 4.28917E+2
482 1.45635E+17 4.08962E+2
482 1.93070E+17 3.87927E+2
482 2.55955E+17 3.66350E+2
482 3.39322E+17 3.44825E+2
482 4.49843E+17 3.23939E+2
482 5.96362E+17 3.04228E+2
482 7.90604E+17 2.86073E+2
482 1.04811E+18 2.69764E+2
482 1.38950E+18 2.55392E+2
482 1.84207E+18 2.42946E+2
482 2.44205E+18 2.32326E+2
482 3.23746E+18 2.23373E+2
482 4.29193E+18 2.15880E+2
482 5.68987E+18 2.09649E+2
482 7.54312E+18 2.04483E+2
482 1.00000E+19 2.00190E+2
488 1.00000E+13 5.39005E+2
488 1.32571E+13 5.38986E+2
488 1.75751E+13 5.38962E+2
488 2.32995E+13 5.38931E+2
488 3.08884E+13 5.38892E+2
488 4.09492E+13 5.38843E+2
488 5.42868E+13 5.38780E+2
488 7.19686E+13 5.38701E+2
488 9.54095E+13 5.38601E+2
488 1.26486E+14 5.38475E+2
488 1.67683E+14 5.38315E+2
488 2.22300E+14 5.38112E+2
488 2.94705E+14 5.37857E+2
488 3.90694E+14 5.37533E+2
488 5.17947E+14 5.37125E+2
488 6.86649E+14 5.36609E+2
488 9.10298E+14 5.35958E+2
488 1.20679E+15 5.35138E+2
488 1.59986E+15 5.34105E+2
488 2.12095E+15 5.32806E+2
488 2.81177E+15 5.31174E+2
488 3.72759E+15 5.29131E+2
488 4.94171E+15 5.26578E+2
488 6.55129E+15 5.23399E+2
488 8.68511E+15 5.19458E+2
488 1.15140E+16 5.14596E+2
488 1.52642E+16 5.08638E+2
488 2.02359E+16 5.01394E+2
488 2.68270E+16 4.92670E+2
488 3.55648E+16 4.82285E+2
488 4.71487E+16 4.70092E+2
488 6.25055E+16 4.56006E+2
488 8.28643E+16 4.40034E+2
488 1.09854E+17 4.22304E+2
488 1.45635E+17 4.03083E+2
488 1.93070E+17 3.82765E+2
488 2.55955E+17 3.61865E+2
488 3.39322E+17 3.40959E+2
488 4.49843E+17 3.20607E+2
488 5.96362E+17 3.01340E+2
488 7.90604E+17 2.83556E+2
488 1.04811E+18 2.67525E+2
488 1.38950E+18 2.53362E+2
488 1.84207E+18 2.41089E+2
488 2.44205E+18 2.30602E+2
488 3.23746E+18 2.21725E+2
488 4.29193E+18 2.14308E+2
488 5.68987E+18 2.08120E+2
488 7.54312E+18 2.02987E+2
488 1.00000E+19 1.98732E+2
494 1.00000E+13 5.27511E+2
494 1.32571E+13 5.27492E+2
494 1.75751E+13 5.27469E+2
494 2.32995E+13 5.27439E+2
494 3.08884E+13 5.27402E+2
494 4.09492E+13 5.27355E+2
494 5.42868E+13 5.27295E+2
494 7.19686E+13 5.27219E+2
494 9.54095E+13 5.27123E+2
494 1.26486E+14 5.27002E+2
494 1.67683E+14 5.26849E+2
494 2.22300E+14 5.26655E+2
494 2.94705E+14 5.26411E+2
494 3.90694E+14 5.26101E+2
494 5.17947E+14 5.25711E+2
494 6.86649E+14 5.25218E+2
494 9.10298E+14 5.24597E+2
494 1.20679E+15 5.23814E+2
494 1.59986E+15 5.22828E+2
494 2.12095E+15 5.21588E+2
494 2.81177E+15 5.20032E+2
494 3.72759E+15 5.18083E+2
494 4.94171E+15 5.15649E+2
494 6.55129E+15 5.12618E+2
494 8.68511E+15 5.08860E+2
494 1.15140E+16 5.04225E+2
494 1.52642E+16 4.98542E+2
494 2.02359E+16 4.91630E+2
494 2.68270E+16 4.83302E+2
494 3.55648E+16 4.73379E+2
494 4.71487E+16 4.61717E+2
494 6.25055E+16 4.48225E+2
494 8.28643E+16 4.32902E+2
494 1.09854E+17 4.15860E+2
494 1.45635E+17 3.97338E+2
494 1.93070E+17 3.77715E+2
494 2.55955E+17 3.57470E+2
494 3.39322E+17 3.37160E+2
494 4.49843E+17 3.17337E+2
494 5.96362E+17 2.98508E+2
494 7.90604E+17 2.81078E+2
494 1.04811E+18 2.65322E+2
494 1.38950E+18 2.51384E+2
494 1.84207E+18 2.39266E+2
494 2.44205E+18 2.28891E+2
494 3.23746E+18 2.20116E+2
494 4.29193E+18 2.12757E+2
494 5.68987E+18 2.06624E+2
494 7.54312E+18 2.01524E+2
494 1.00000E+19 1.97295E+2
500 1.00000E+13 5.16442E+2
500 1.32571E+13 5.16424E+2
500 1.75751E+13 5.16401E+2
500 2.32995E+13 5.16373E+2
500 3.08884E+13 5.16337E+2
500 4.09492E+13 5.16292E+2
500 5.42868E+13 5.16234E+2
500 7.19686E+13 5.16162E+2
500 9.54095E+13 5.16070E+2
500 1.26486E+14 5.15954E+2
500 1.67683E+14 5.15807E+2
500 2.22300E+14 5.15622E+2
500 2.94705E+14 5.15387E+2
500 3.90694E+14 5.15092E+2
500 5.17947E+14 5.14718E+2
500 6.86649E+14 5.14247E+2
500 9.10298E+14 5.13653E+2
500 1.20679E+15 5.12905E+2
500 1.59986E+15 5.11963E+2
500 2.12095E+15 5.10780E+2
500 2.81177E+15 5.09295E+2
500 3.72759E+15 5.07435E+2
500 4.94171E+15 5.05113E+2
500 6.55129E+15 5.02221E+2
500 8.68511E+15 4.98636E+2
500 1.15140E+16 4.94214E+2
500 1.52642E+16 4.88791E+2
500 2.02359E+16 4.82192E+2
500 2.68270E+16 4.74237E+2
500 3.55648E+16 4.64752E+2
500 4.71487E+16 4.53592E+2
500 6.25055E+16 4.40664E+2
500 8.28643E+16 4.25960E+2
500 1.09854E+17 4.09571E+2
500 1.45635E+17 3.91722E+2
500 1.93070E+17 3.72764E+2
500 2.55955E+17 3.53152E+2
500 3.39322E+17 3.33419E+2
500 4.49843E+17 3.14110E+2
500 5.96362E+17 2.95709E+2
500 7.90604E+17 2.78637E+2
500 1.04811E+18 2.63155E+2
500 1.38950E+18 2.49424E+2
500 1.84207E+18 2.37459E+2
500 2.44205E+18 2.27213E+2
500 3.23746E+18 2.18518E+2
500 4.29193E+18 2.11228E+2
500 5.68987E+18 2.05149E+2
500 7.54312E+18 2.00092E+2
500 1.00000E+19 1.95900E+2
