T(K) Nd(cm-3) Mu(cm2/Vs)
200 1.00000E+13 3.33000E+3
200 1.32571E+13 3.32964E+3
200 1.75751E+13 3.32918E+3
200 2.32995E+13 3.32857E+3
200 3.08884E+13 3.32779E+3
200 4.09492E+13 3.32677E+3
200 5.42868E+13 3.32544E+3
200 7.19686E+13 3.32371E+3
200 9.54095E+13 3.32147E+3
200 1.26486E+14 3.31856E+3
200 1.67683E+14 3.31478E+3
200 2.22300E+14 3.30987E+3
200 2.94705E+14 3.30351E+3
200 3.90694E+14 3.29528E+3
200 5.17947E+14 3.28463E+3
200 6.86649E+14 3.27089E+3
200 9.10298E+14 3.25320E+3
200 1.20679E+15 3.23049E+3
200 1.59986E+15 3.20148E+3
200 2.12095E+15 3.16457E+3
200 2.81177E+15 3.11795E+3
200 3.72759E+15 3.05953E+3
200 4.94171E+15 2.98709E+3
200 6.55129E+15 2.89840E+3
200 8.68511E+15 2.79149E+3
200 1.15140E+16 2.66510E+3
200 1.52642E+16 2.51883E+3
200 2.02359E+16 2.35402E+3
200 2.68270E+16 2.17348E+3
200 3.55648E+16 1.98180E+3
200 4.71487E+16 1.78488E+3
200 6.25055E+16 1.58927E+3
200 8.28643E+16 1.40123E+3
200 1.09854E+17 1.22602E+3
200 1.45635E+17 1.06687E+3
200 1.93070E+17 9.25610E+2
200 2.55955E+17 8.02550E+2
200 3.39322E+17 6.97414E+2
200 4.49843E+17 6.07712E+2
200 5.96362E+17 5.32335E+2
200 7.90604E+17 4.68864E+2
200 1.04811E+18 4.15913E+2
200 1.38950E+18 3.71227E+2
200 1.84207E+18 3.33807E+2
200 2.44205E+18 3.02356E+2
200 3.23746E+18 2.75796E+2
200 4.29193E+18 2.53248E+2
200 5.68987E+18 2.34001E+2
200 7.54312E+18 2.17637E+2
200 1.00000E+19 2.03688E+2
206 1.00000E+13 3.11394E+3
206 1.32571E+13 3.11362E+3
206 1.75751E+13 3.11320E+3
206 2.32995E+13 3.11266E+3
206 3.08884E+13 3.11195E+3
206 4.09492E+13 3.11104E+3
206 5.42868E+13 3.10985E+3
206 7.19686E+13 3.10831E+3
206 9.54095E+13 3.10631E+3
206 1.26486E+14 3.10371E+3
206 1.67683E+14 3.10034E+3
206 2.22300E+14 3.09597E+3
206 2.94705E+14 3.09032E+3
206 3.90694E+14 3.08300E+3
206 5.17947E+14 3.07355E+3
206 6.86649E+14 3.06136E+3
206 9.10298E+14 3.04567E+3
206 1.20679E+15 3.02555E+3
206 1.59986E+15 2.99983E+3
206 2.12095E+15 2.96712E+3
206 2.81177E+15 2.92577E+3
206 3.72759E+15 2.87391E+3
206 4.94171E+15 2.80949E+3
206 6.55129E+15 2.73045E+3
206 8.68511E+15 2.63489E+3
206 1.15140E+16 2.52139E+3
206 1.52642E+16 2.38945E+3
206 2.02359E+16 2.23983E+3
206 2.68270E+16 2.07475E+3
206 3.55648E+16 1.89823E+3
206 4.71487E+16 1.71542E+3
206 6.25055E+16 1.53208E+3
206 8.28643E+16 1.35460E+3
206 1.09854E+17 1.18764E+3
206 1.45635E+17 1.03490E+3
206 1.93070E+17 8.98926E+2
206 2.55955E+17 7.80027E+2
206 3.39322E+17 6.77684E+2
206 4.49843E+17 5.90591E+2
206 5.96362E+17 5.17380E+2
206 7.90604E+17 4.55693E+2
206 1.04811E+18 4.03830E+2
206 1.38950E+18 3.60582E+2
206 1.84207E+18 3.24247E+2
206 2.44205E+18 2.93780E+2
206 3.23746E+18 2.67939E+2
206 4.29193E+18 2.46059E+2
206 5.68987E+18 2.27585E+2
206 7.54312E+18 2.11770E+2
206 1.00000E+19 1.98315E+2
212 1.00000E+13 2.91776E+3
212 1.32571E+13 2.91747E+3
212 1.75751E+13 2.91710E+3
212 2.32995E+13 2.91661E+3
212 3.08884E+13 2.91597E+3
212 4.09492E+13 2.91515E+3
212 5.42868E+13 2.91408E+3
212 7.19686E+13 2.91270E+3
212 9.54095E+13 2.91091E+3
212 1.26486E+14 2.90858E+3
212 1.67683E+14 2.90557E+3
212 2.22300E+14 2.90167E+3
212 2.94705E+14 2.89662E+3
212 3.90694E+14 2.89009E+3
212 5.17947E+14 2.88167E+3
212 6.86649E+14 2.87081E+3
212 9.10298E+14 2.85685E+3
212 1.20679E+15 2.83895E+3
212 1.59986E+15 2.81608E+3
212 2.12095E+15 2.78698E+3
212 2.81177E+15 2.75018E+3
212 3.72759E+15 2.70399E+3
212 4.94171E+15 2.64654E+3
212 6.55129E+15 2.57588E+3
212 8.68511E+15 2.49023E+3
212 1.15140E+16 2.38815E+3
212 1.52642E+16 2.26891E+3
212 2.02359E+16 2.13293E+3
212 2.68270E+16 1.98199E+3
212 3.55648E+16 1.81920E+3
212 4.71487E+16 1.64947E+3
212 6.25055E+16 1.47791E+3
212 8.28643E+16 1.31026E+3
212 1.09854E+17 1.15131E+3
212 1.45635E+17 1.00515E+3
212 1.93070E+17 8.74297E+2
212 2.55955E+17 7.59006E+2
212 3.39322E+17 6.59802E+2
212 4.49843E+17 5.75257E+2
212 5.96362E+17 5.03504E+2
212 7.90604E+17 4.43441E+2
212 1.04811E+18 3.93020E+2
212 1.38950E+18 3.50840E+2
212 1.84207E+18 3.15476E+2
212 2.44205E+18 2.85711E+2
212 3.23746E+18 2.60696E+2
212 4.29193E+18 2.39569E+2
212 5.68987E+18 2.21629E+2
212 7.54312E+18 2.06436E+2
212 1.00000E+19 1.93388E+2
218 1.00000E+13 2.73915E+3
218 1.32571E+13 2.73889E+3
218 1.75751E+13 2.73855E+3
218 2.32995E+13 2.73811E+3
218 3.08884E+13 2.73753E+3
218 4.09492E+13 2.73679E+3
218 5.42868E+13 2.73583E+3
218 7.19686E+13 2.73459E+3
218 9.54095E+13 2.73297E+3
218 1.26486E+14 2.73088E+3
218 1.67683E+14 2.72818E+3
218 2.22300E+14 2.72468E+3
218 2.94705E+14 2.72016E+3
218 3.90694E+14 2.71432E+3
218 5.17947E+14 2.70678E+3
218 6.86649E+14 2.69708E+3
218 9.10298E+14 2.68461E+3
218 1.20679E+15 2.66863E+3
218 1.59986E+15 2.64821E+3
218 2.12095E+15 2.62224E+3
218 2.81177E+15 2.58938E+3
218 3.72759E+15 2.54811E+3
218 4.94171E+15 2.49671E+3
218 6.55129E+15 2.43338E+3
218 8.68511E+15 2.35643E+3
218 1.15140E+16 2.26439E+3
218 1.52642E+16 2.15646E+3
218 2.02359E+16 2.03270E+3
218 2.68270E+16 1.89448E+3
218 3.55648E+16 1.74447E+3
218 4.71487E+16 1.58677E+3
218 6.25055E+16 1.42610E+3
218 8.28643E+16 1.26799E+3
218 1.09854E+17 1.11700E+3
218 1.45635E+17 9.77224E+2
218 1.93070E+17 8.51030E+2
218 2.55955E+17 7.39627E+2
218 3.39322E+17 6.43064E+2
218 4.49843E+17 5.60530E+2
218 5.96362E+17 4.90681E+2
218 7.90604E+17 4.32017E+2
218 1.04811E+18 3.82903E+2
218 1.38950E+18 3.41704E+2
218 1.84207E+18 3.07393E+2
218 2.44205E+18 2.78430E+2
218 3.23746E+18 2.54142E+2
218 4.29193E+18 2.33538E+2
218 5.68987E+18 2.16209E+2
218 7.54312E+18 2.01445E+2
218 1.00000E+19 1.88796E+2
224 1.00000E+13 2.57611E+3
224 1.32571E+13 2.57587E+3
224 1.75751E+13 2.57556E+3
224 2.32995E+13 2.57516E+3
224 3.08884E+13 2.57464E+3
224 4.09492E+13 2.57397E+3
224 5.42868E+13 2.57310E+3
224 7.19686E+13 2.57198E+3
224 9.54095E+13 2.57052E+3
224 1.26486E+14 2.56864E+3
224 1.67683E+14 2.56620E+3
224 2.22300E+14 2.56306E+3
224 2.94705E+14 2.55899E+3
224 3.90694E+14 2.55375E+3
224 5.17947E+14 2.54699E+3
224 6.86649E+14 2.53829E+3
224 9.10298E+14 2.52711E+3
224 1.20679E+15 2.51279E+3
224 1.59986E+15 2.49451E+3
224 2.12095E+15 2.47125E+3
224 2.81177E+15 2.44182E+3
224 3.72759E+15 2.40482E+3
224 4.94171E+15 2.35870E+3
224 6.55129E+15 2.30180E+3
224 8.68511E+15 2.23249E+3
224 1.15140E+16 2.14933E+3
224 1.52642E+16 2.05145E+3
224 2.02359E+16 1.93870E+3
224 2.68270E+16 1.81204E+3
224 3.55648E+16 1.67373E+3
224 4.71487E+16 1.52712E+3
224 6.25055E+16 1.37681E+3
224 8.28643E+16 1.22760E+3
224 1.09854E+17 1.08421E+3
224 1.45635E+17 9.50343E+2
224 1.93070E+17 8.28960E+2
224 2.55955E+17 7.21298E+2
224 3.39322E+17 6.27334E+2
224 4.49843E+17 5.47091E+2
224 5.96362E+17 4.79108E+2
224 7.90604E+17 4.21673E+2
224 1.04811E+18 3.73584E+2
224 1.38950E+18 3.33446E+2
224 1.84207E+18 2.99762E+2
224 2.44205E+18 2.71676E+2
224 3.23746E+18 2.47906E+2
224 4.29193E+18 2.27916E+2
224 5.68987E+18 2.11020E+2
224 7.54312E+18 1.96764E+2
224 1.00000E+19 1.84479E+2
230 1.00000E+13 2.42691E+3
230 1.32571E+13 2.42669E+3
230 1.75751E+13 2.42641E+3
230 2.32995E+13 2.42605E+3
230 3.08884E+13 2.42557E+3
230 4.09492E+13 2.42497E+3
230 5.42868E+13 2.42418E+3
230 7.19686E+13 2.42316E+3
230 9.54095E+13 2.42184E+3
230 1.26486E+14 2.42014E+3
230 1.67683E+14 2.41794E+3
230 2.22300E+14 2.41510E+3
230 2.94705E+14 2.41144E+3
230 3.90694E+14 2.40671E+3
230 5.17947E+14 2.40062E+3
230 6.86649E+14 2.39280E+3
230 9.10298E+14 2.38275E+3
230 1.20679E+15 2.36988E+3
230 1.59986E+15 2.35346E+3
230 2.12095E+15 2.33256E+3
230 2.81177E+15 2.30612E+3
230 3.72759E+15 2.27287E+3
230 4.94171E+15 2.23138E+3
230 6.55129E+15 2.18011E+3
230 8.68511E+15 2.11752E+3
230 1.15140E+16 2.04225E+3
230 1.52642E+16 1.95334E+3
230 2.02359E+16 1.85044E+3
230 2.68270E+16 1.73424E+3
230 3.55648E+16 1.60657E+3
230 4.71487E+16 1.47048E+3
230 6.25055E+16 1.32980E+3
230 8.28643E+16 1.18908E+3
230 1.09854E+17 1.05298E+3
230 1.45635E+17 9.24879E+2
230 1.93070E+17 8.07947E+2
230 2.55955E+17 7.03898E+2
230 3.39322E+17 6.12769E+2
230 4.49843E+17 5.34425E+2
230 5.96362E+17 4.67892E+2
230 7.90604E+17 4.11857E+2
230 1.04811E+18 3.64958E+2
230 1.38950E+18 3.25640E+2
230 1.84207E+18 2.92830E+2
230 2.44205E+18 2.65257E+2
230 3.23746E+18 2.42220E+2
230 4.29193E+18 2.22776E+2
230 5.68987E+18 2.06267E+2
230 7.54312E+18 1.92363E+2
230 1.00000E+19 1.80500E+2
236 1.00000E+13 2.29006E+3
236 1.32571E+13 2.28986E+3
236 1.75751E+13 2.28960E+3
236 2.32995E+13 2.28927E+3
236 3.08884E+13 2.28884E+3
236 4.09492E+13 2.28829E+3
236 5.42868E+13 2.28757E+3
236 7.19686E+13 2.28665E+3
236 9.54095E+13 2.28545E+3
236 1.26486E+14 2.28391E+3
236 1.67683E+14 2.28191E+3
236 2.22300E+14 2.27934E+3
236 2.94705E+14 2.27603E+3
236 3.90694E+14 2.27176E+3
236 5.17947E+14 2.26626E+3
236 6.86649E+14 2.25920E+3
236 9.10298E+14 2.25014E+3
236 1.20679E+15 2.23854E+3
236 1.59986E+15 2.22374E+3
236 2.12095E+15 2.20492E+3
236 2.81177E+15 2.18109E+3
236 3.72759E+15 2.15112E+3
236 4.94171E+15 2.11369E+3
236 6.55129E+15 2.06738E+3
236 8.68511E+15 2.01075E+3
236 1.15140E+16 1.94248E+3
236 1.52642E+16 1.86153E+3
236 2.02359E+16 1.76752E+3
236 2.68270E+16 1.66083E+3
236 3.55648E+16 1.54292E+3
236 4.71487E+16 1.41641E+3
236 6.25055E+16 1.28479E+3
236 8.28643E+16 1.15223E+3
236 1.09854E+17 1.02282E+3
236 1.45635E+17 9.00622E+2
236 1.93070E+17 7.88075E+2
236 2.55955E+17 6.87327E+2
236 3.39322E+17 5.98928E+2
236 4.49843E+17 5.22709E+2
236 5.96362E+17 4.57863E+2
236 7.90604E+17 4.02941E+2
236 1.04811E+18 3.56937E+2
236 1.38950E+18 3.18516E+2
236 1.84207E+18 2.86368E+2
236 2.44205E+18 2.59396E+2
236 3.23746E+18 2.36896E+2
236 4.29193E+18 2.17840E+2
236 5.68987E+18 2.01796E+2
236 7.54312E+18 1.88215E+2
236 1.00000E+19 1.76653E+2
242 1.00000E+13 2.16425E+3
242 1.32571E+13 2.16407E+3
242 1.75751E+13 2.16384E+3
242 2.32995E+13 2.16353E+3
242 3.08884E+13 2.16314E+3
242 4.09492E+13 2.16264E+3
242 5.42868E+13 2.16198E+3
242 7.19686E+13 2.16114E+3
242 9.54095E+13 2.16005E+3
242 1.26486E+14 2.15865E+3
242 1.67683E+14 2.15684E+3
242 2.22300E+14 2.15451E+3
242 2.94705E+14 2.15150E+3
242 3.90694E+14 2.14763E+3
242 5.17947E+14 2.14265E+3
242 6.86649E+14 2.13626E+3
242 9.10298E+14 2.12807E+3
242 1.20679E+15 2.11759E+3
242 1.59986E+15 2.10421E+3
242 2.12095E+15 2.08720E+3
242 2.81177E+15 2.06568E+3
242 3.72759E+15 2.03859E+3
242 4.94171E+15 2.00474E+3
242 6.55129E+15 1.96281E+3
242 8.68511E+15 1.91145E+3
242 1.15140E+16 1.84939E+3
242 1.52642E+16 1.77561E+3
242 2.02359E+16 1.68955E+3
242 2.68270E+16 1.59149E+3
242 3.55648E+16 1.48254E+3
242 4.71487E+16 1.36490E+3
242 6.25055E+16 1.24169E+3
242 8.28643E+16 1.11680E+3
242 1.09854E+17 9.94073E+2
242 1.45635E+17 8.77265E+2
242 1.93070E+17 7.69168E+2
242 2.55955E+17 6.71692E+2
242 3.39322E+17 5.85951E+2
242 4.49843E+17 5.11558E+2
242 5.96362E+17 4.48078E+2
242 7.90604E+17 3.94473E+2
242 1.04811E+18 3.49509E+2
242 1.38950E+18 3.11738E+2
242 1.84207E+18 2.80209E+2
242 2.44205E+18 2.53906E+2
242 3.23746E+18 2.31793E+2
242 4.29193E+18 2.13300E+2
242 5.68987E+18 1.97670E+2
242 7.54312E+18 1.84381E+2
242 1.00000E+19 1.73167E+2
248 1.00000E+13 2.04836E+3
248 1.32571E+13 2.04820E+3
248 1.75751E+13 2.04798E+3
248 2.32995E+13 2.04770E+3
248 3.08884E+13 2.04734E+3
248 4.09492E+13 2.04688E+3
248 5.42868E+13 2.04628E+3
248 7.19686E+13 2.04551E+3
248 9.54095E+13 2.04452E+3
248 1.26486E+14 2.04324E+3
248 1.67683E+14 2.04159E+3
248 2.22300E+14 2.03947E+3
248 2.94705E+14 2.03674E+3
248 3.90694E+14 2.03322E+3
248 5.17947E+14 2.02870E+3
248 6.86649E+14 2.02290E+3
248 9.10298E+14 2.01547E+3
248 1.20679E+15 2.00597E+3
248 1.59986E+15 1.99385E+3
248 2.12095E+15 1.97844E+3
248 2.81177E+15 1.95895E+3
248 3.72759E+15 1.93440E+3
248 4.94171E+15 1.90371E+3
248 6.55129E+15 1.86565E+3
248 8.68511E+15 1.81898E+3
248 1.15140E+16 1.76246E+3
248 1.52642E+16 1.69508E+3
248 2.02359E+16 1.61624E+3
248 2.68270E+16 1.52597E+3
248 3.55648E+16 1.42520E+3
248 4.71487E+16 1.31575E+3
248 6.25055E+16 1.20045E+3
248 8.28643E+16 1.08274E+3
248 1.09854E+17 9.66250E+2
248 1.45635E+17 8.54743E+2
248 1.93070E+17 7.50791E+2
248 2.55955E+17 6.56676E+2
248 3.39322E+17 5.73323E+2
248 4.49843E+17 5.00922E+2
248 5.96362E+17 4.38998E+2
248 7.90604E+17 3.86420E+2
248 1.04811E+18 3.42264E+2
248 1.38950E+18 3.05392E+2
248 1.84207E+18 2.74548E+2
248 2.44205E+18 2.48748E+2
248 3.23746E+18 2.27095E+2
248 4.29193E+18 2.09014E+2
248 5.68987E+18 1.93680E+2
248 7.54312E+18 1.80747E+2
248 1.00000E+19 1.69778E+2
254 1.00000E+13 1.94139E+3
254 1.32571E+13 1.94123E+3
254 1.75751E+13 1.94104E+3
254 2.32995E+13 1.94078E+3
254 3.08884E+13 1.94045E+3
254 4.09492E+13 1.94003E+3
254 5.42868E+13 1.93948E+3
254 7.19686E+13 1.93878E+3
254 9.54095E+13 1.93787E+3
254 1.26486E+14 1.93670E+3
254 1.67683E+14 1.93519E+3
254 2.22300E+14 1.93325E+3
254 2.94705E+14 1.93076E+3
254 3.90694E+14 1.92756E+3
254 5.17947E+14 1.92345E+3
254 6.86649E+14 1.91817E+3
254 9.10298E+14 1.91141E+3
254 1.20679E+15 1.90278E+3
254 1.59986E+15 1.89177E+3
254 2.12095E+15 1.87778E+3
254 2.81177E+15 1.86007E+3
254 3.72759E+15 1.83778E+3
254 4.94171E+15 1.80988E+3
254 6.55129E+15 1.77527E+3
254 8.68511E+15 1.73276E+3
254 1.15140E+16 1.68118E+3
254 1.52642E+16 1.61954E+3
254 2.02359E+16 1.54718E+3
254 2.68270E+16 1.46402E+3
254 3.55648E+16 1.37075E+3
254 4.71487E+16 1.26889E+3
254 6.25055E+16 1.16092E+3
254 8.28643E+16 1.04996E+3
254 1.09854E+17 9.39516E+2
254 1.45635E+17 8.33002E+2
254 1.93070E+17 7.33342E+2
254 2.55955E+17 6.42376E+2
254 3.39322E+17 5.61563E+2
254 4.49843E+17 4.90935E+2
254 5.96362E+17 4.30322E+2
254 7.90604E+17 3.78946E+2
254 1.04811E+18 3.35772E+2
254 1.38950E+18 2.99481E+2
254 1.84207E+18 2.69220E+2
254 2.44205E+18 2.43891E+2
254 3.23746E+18 2.22663E+2
254 4.29193E+18 2.04960E+2
254 5.68987E+18 1.89980E+2
254 7.54312E+18 1.77367E+2
254 1.00000E+19 1.66621E+2
260 1.00000E+13 1.84245E+3
260 1.32571E+13 1.84231E+3
260 1.75751E+13 1.84213E+3
260 2.32995E+13 1.84189E+3
260 3.08884E+13 1.84159E+3
260 4.09492E+13 1.84120E+3
260 5.42868E+13 1.84070E+3
260 7.19686E+13 1.84005E+3
260 9.54095E+13 1.83922E+3
260 1.26486E+14 1.83815E+3
260 1.67683E+14 1.83677E+3
260 2.22300E+14 1.83500E+3
260 2.94705E+14 1.83272E+3
260 3.90694E+14 1.82980E+3
260 5.17947E+14 1.82604E+3
260 6.86649E+14 1.82123E+3
260 9.10298E+14 1.81507E+3
260 1.20679E+15 1.80721E+3
260 1.59986E+15 1.79718E+3
260 2.12095E+15 1.78444E+3
260 2.81177E+15 1.76832E+3
260 3.72759E+15 1.74802E+3
260 4.94171E+15 1.72262E+3
260 6.55129E+15 1.69107E+3
260 8.68511E+15 1.65227E+3
260 1.15140E+16 1.60513E+3
260 1.52642E+16 1.54864E+3
260 2.02359E+16 1.48215E+3
260 2.68270E+16 1.40544E+3
260 3.55648E+16 1.31902E+3
260 4.71487E+16 1.22420E+3
260 6.25055E+16 1.12306E+3
260 8.28643E+16 1.01848E+3
260 1.09854E+17 9.13781E+2
260 1.45635E+17 8.12088E+2
260 1.93070E+17 7.16331E+2
260 2.55955E+17 6.28560E+2
260 3.39322E+17 5.50067E+2
260 4.49843E+17 4.81339E+2
260 5.96362E+17 4.22191E+2
260 7.90604E+17 3.71788E+2
260 1.04811E+18 3.29361E+2
260 1.38950E+18 2.93860E+2
260 1.84207E+18 2.64105E+2
260 2.44205E+18 2.39304E+2
260 3.23746E+18 2.18553E+2
260 4.29193E+18 2.01118E+2
260 5.68987E+18 1.86464E+2
260 7.54312E+18 1.74079E+2
260 1.00000E+19 1.63610E+2
266 1.00000E+13 1.75079E+3
266 1.32571E+13 1.75066E+3
266 1.75751E+13 1.75049E+3
266 2.32995E+13 1.75027E+3
266 3.08884E+13 1.74999E+3
266 4.09492E+13 1.74963E+3
266 5.42868E+13 1.74917E+3
266 7.19686E+13 1.74858E+3
266 9.54095E+13 1.74781E+3
266 1.26486E+14 1.74683E+3
266 1.67683E+14 1.74556E+3
266 2.22300E+14 1.74394E+3
266 2.94705E+14 1.74185E+3
266 3.90694E+14 1.73918E+3
266 5.17947E+14 1.73574E+3
266 6.86649E+14 1.73134E+3
266 9.10298E+14 1.72572E+3
266 1.20679E+15 1.71853E+3
266 1.59986E+15 1.70938E+3
266 2.12095E+15 1.69776E+3
266 2.81177E+15 1.68305E+3
266 3.72759E+15 1.66453E+3
266 4.94171E+15 1.64134E+3
266 6.55129E+15 1.61253E+3
266 8.68511E+15 1.57705E+3
266 1.15140E+16 1.53387E+3
266 1.52642E+16 1.48203E+3
266 2.02359E+16 1.42084E+3
266 2.68270E+16 1.35001E+3
266 3.55648E+16 1.26987E+3
266 4.71487E+16 1.18145E+3
266 6.25055E+16 1.08673E+3
266 8.28643E+16 9.88209E+2
266 1.09854E+17 8.88905E+2
266 1.45635E+17 7.91923E+2
266 1.93070E+17 6.99969E+2
266 2.55955E+17 6.15310E+2
266 3.39322E+17 5.39248E+2
266 4.49843E+17 4.72246E+2
266 5.96362E+17 4.14371E+2
266 7.90604E+17 3.65087E+2
266 1.04811E+18 3.23554E+2
266 1.38950E+18 2.88629E+2
266 1.84207E+18 2.59316E+2
266 2.44205E+18 2.34963E+2
266 3.23746E+18 2.14575E+2
266 4.29193E+18 1.97471E+2
266 5.68987E+18 1.83118E+2
266 7.54312E+18 1.71009E+2
266 1.00000E+19 1.60790E+2
272 1.00000E+13 1.66571E+3
272 1.32571E+13 1.66559E+3
272 1.75751E+13 1.66543E+3
272 2.32995E+13 1.66523E+3
272 3.08884E+13 1.66498E+3
272 4.09492E+13 1.66464E+3
272 5.42868E+13 1.66422E+3
272 7.19686E+13 1.66367E+3
272 9.54095E+13 1.66297E+3
272 1.26486E+14 1.66206E+3
272 1.67683E+14 1.66090E+3
272 2.22300E+14 1.65941E+3
272 2.94705E+14 1.65749E+3
272 3.90694E+14 1.65503E+3
272 5.17947E+14 1.65189E+3
272 6.86649E+14 1.64786E+3
272 9.10298E+14 1.64270E+3
272 1.20679E+15 1.63613E+3
272 1.59986E+15 1.62776E+3
272 2.12095E+15 1.61713E+3
272 2.81177E+15 1.60368E+3
272 3.72759E+15 1.58675E+3
272 4.94171E+15 1.56553E+3
272 6.55129E+15 1.53916E+3
272 8.68511E+15 1.50666E+3
272 1.15140E+16 1.46704E+3
272 1.52642E+16 1.41938E+3
272 2.02359E+16 1.36299E+3
272 2.68270E+16 1.29750E+3
272 3.55648E+16 1.22311E+3
272 4.71487E+16 1.14070E+3
272 6.25055E+16 1.05194E+3
272 8.28643E+16 9.59041E+2
272 1.09854E+17 8.64913E+2
272 1.45635E+17 7.72373E+2
272 1.93070E+17 6.84186E+2
272 2.55955E+17 6.02455E+2
272 3.39322E+17 5.28639E+2
272 4.49843E+17 4.63458E+2
272 5.96362E+17 4.06980E+2
272 7.90604E+17 3.58633E+2
272 1.04811E+18 3.17804E+2
272 1.38950E+18 2.83587E+2
272 1.84207E+18 2.54888E+2
272 2.44205E+18 2.30847E+2
272 3.23746E+18 2.10868E+2
272 4.29193E+18 1.94070E+2
272 5.68987E+18 1.79992E+2
272 7.54312E+18 1.68134E+2
272 1.00000E+19 1.58088E+2
278 1.00000E+13 1.58662E+3
278 1.32571E+13 1.58650E+3
278 1.75751E+13 1.58636E+3
278 2.32995E+13 1.58617E+3
278 3.08884E+13 1.58594E+3
278 4.09492E+13 1.58563E+3
278 5.42868E+13 1.58523E+3
278 7.19686E+13 1.58473E+3
278 9.54095E+13 1.58408E+3
278 1.26486E+14 1.58324E+3
278 1.67683E+14 1.58217E+3
278 2.22300E+14 1.58080E+3
278 2.94705E+14 1.57904E+3
278 3.90694E+14 1.57678E+3
278 5.17947E+14 1.57389E+3
278 6.86649E+14 1.57019E+3
278 9.10298E+14 1.56546E+3
278 1.20679E+15 1.55943E+3
278 1.59986E+15 1.55176E+3
278 2.12095E+15 1.54201E+3
278 2.81177E+15 1.52969E+3
278 3.72759E+15 1.51417E+3
278 4.94171E+15 1.49473E+3
278 6.55129E+15 1.47055E+3
278 8.68511E+15 1.44072E+3
278 1.15140E+16 1.40430E+3
278 1.52642E+16 1.36043E+3
278 2.02359E+16 1.30839E+3
278 2.68270E+16 1.24776E+3
278 3.55648E+16 1.17864E+3
278 4.71487E+16 1.10175E+3
278 6.25055E+16 1.01850E+3
278 8.28643E+16 9.30990E+2
278 1.09854E+17 8.41704E+2
278 1.45635E+17 7.53415E+2
278 1.93070E+17 6.68850E+2
278 2.55955E+17 5.89975E+2
278 3.39322E+17 5.18468E+2
278 4.49843E+17 4.55071E+2
278 5.96362E+17 3.99834E+2
278 7.90604E+17 3.52544E+2
278 1.04811E+18 3.12411E+2
278 1.38950E+18 2.78728E+2
278 1.84207E+18 2.50603E+2
278 2.44205E+18 2.27034E+2
278 3.23746E+18 2.07272E+2
278 4.29193E+18 1.90823E+2
278 5.68987E+18 1.77002E+2
278 7.54312E+18 1.65324E+2
278 1.00000E+19 1.55496E+2
284 1.00000E+13 1.51297E+3
284 1.32571E+13 1.51286E+3
284 1.75751E+13 1.51273E+3
284 2.32995E+13 1.51255E+3
284 3.08884E+13 1.51233E+3
284 4.09492E+13 1.51205E+3
284 5.42868E+13 1.51168E+3
284 7.19686E+13 1.51122E+3
284 9.54095E+13 1.51061E+3
284 1.26486E+14 1.50984E+3
284 1.67683E+14 1.50886E+3
284 2.22300E+14 1.50759E+3
284 2.94705E+14 1.50596E+3
284 3.90694E+14 1.50388E+3
284 5.17947E+14 1.50122E+3
284 6.86649E+14 1.49782E+3
284 9.10298E+14 1.49347E+3
284 1.20679E+15 1.48793E+3
284 1.59986E+15 1.48088E+3
284 2.12095E+15 1.47193E+3
284 2.81177E+15 1.46062E+3
284 3.72759E+15 1.44637E+3
284 4.94171E+15 1.42852E+3
284 6.55129E+15 1.40630E+3
284 8.68511E+15 1.37887E+3
284 1.15140E+16 1.34535E+3
284 1.52642E+16 1.30490E+3
284 2.02359E+16 1.25680E+3
284 2.68270E+16 1.20062E+3
284 3.55648E+16 1.13635E+3
284 4.71487E+16 1.06458E+3
284 6.25055E+16 9.86485E+2
284 8.28643E+16 9.03900E+2
284 1.09854E+17 8.19252E+2
284 1.45635E+17 7.35084E+2
284 1.93070E+17 6.53946E+2
284 2.55955E+17 5.77929E+2
284 3.39322E+17 5.08680E+2
284 4.49843E+17 4.46928E+2
284 5.96362E+17 3.93032E+2
284 7.90604E+17 3.46653E+2
284 1.04811E+18 3.07329E+2
284 1.38950E+18 2.74170E+2
284 1.84207E+18 2.46458E+2
284 2.44205E+18 2.23239E+2
284 3.23746E+18 2.03905E+2
284 4.29193E+18 1.87721E+2
284 5.68987E+18 1.74140E+2
284 7.54312E+18 1.62684E+2
284 1.00000E+19 1.53008E+2
290 1.00000E+13 1.44428E+3
290 1.32571E+13 1.44418E+3
290 1.75751E+13 1.44406E+3
290 2.32995E+13 1.44390E+3
290 3.08884E+13 1.44369E+3
290 4.09492E+13 1.44343E+3
290 5.42868E+13 1.44309E+3
290 7.19686E+13 1.44265E+3
290 9.54095E+13 1.44210E+3
290 1.26486E+14 1.44138E+3
290 1.67683E+14 1.44047E+3
290 2.22300E+14 1.43930E+3
290 2.94705E+14 1.43780E+3
290 3.90694E+14 1.43588E+3
290 5.17947E+14 1.43342E+3
290 6.86649E+14 1.43028E+3
290 9.10298E+14 1.42628E+3
290 1.20679E+15 1.42118E+3
290 1.59986E+15 1.41469E+3
290 2.12095E+15 1.40646E+3
290 2.81177E+15 1.39605E+3
290 3.72759E+15 1.38294E+3
290 4.94171E+15 1.36652E+3
290 6.55129E+15 1.34607E+3
290 8.68511E+15 1.32081E+3
290 1.15140E+16 1.28990E+3
290 1.52642E+16 1.25255E+3
290 2.02359E+16 1.20804E+3
290 2.68270E+16 1.15592E+3
290 3.55648E+16 1.09610E+3
290 4.71487E+16 1.02903E+3
290 6.25055E+16 9.55731E+2
290 8.28643E+16 8.77824E+2
290 1.09854E+17 7.97588E+2
290 1.45635E+17 7.17337E+2
290 1.93070E+17 6.39515E+2
290 2.55955E+17 5.66274E+2
290 3.39322E+17 4.99149E+2
290 4.49843E+17 4.39018E+2
290 5.96362E+17 3.86428E+2
290 7.90604E+17 3.41057E+2
290 1.04811E+18 3.02404E+2
290 1.38950E+18 2.69875E+2
290 1.84207E+18 2.42565E+2
290 2.44205E+18 2.19797E+2
290 3.23746E+18 2.00687E+2
290 4.29193E+18 1.84752E+2
290 5.68987E+18 1.71397E+2
290 7.54312E+18 1.60148E+2
290 1.00000E+19 1.50662E+2
296 1.00000E+13 1.38013E+3
296 1.32571E+13 1.38004E+3
296 1.75751E+13 1.37992E+3
296 2.32995E+13 1.37977E+3
296 3.08884E+13 1.37958E+3
296 4.09492E+13 1.37934E+3
296 5.42868E+13 1.37902E+3
296 7.19686E+13 1.37862E+3
296 9.54095E+13 1.37810E+3
296 1.26486E+14 1.37744E+3
296 1.67683E+14 1.37659E+3
296 2.22300E+14 1.37551E+3
296 2.94705E+14 1.37412E+3
296 3.90694E+14 1.37234E+3
296 5.17947E+14 1.37007E+3
296 6.86649E+14 1.36718E+3
296 9.10298E+14 1.36348E+3
296 1.20679E+15 1.35877E+3
296 1.59986E+15 1.35279E+3
296 2.12095E+15 1.34520E+3
296 2.81177E+15 1.33561E+3
296 3.72759E+15 1.32353E+3
296 4.94171E+15 1.30840E+3
296 6.55129E+15 1.28954E+3
296 8.68511E+15 1.26624E+3
296 1.15140E+16 1.23770E+3
296 1.52642E+16 1.20315E+3
296 2.02359E+16 1.16191E+3
296 2.68270E+16 1.11350E+3
296 3.55648E+16 1.05778E+3
296 4.71487E+16 9.95040E+2
296 6.25055E+16 9.26192E+2
296 8.28643E+16 8.52716E+2
296 1.09854E+17 7.76603E+2
296 1.45635E+17 7.00102E+2
296 1.93070E+17 6.25472E+2
296 2.55955E+17 5.54911E+2
296 3.39322E+17 4.89864E+2
296 4.49843E+17 4.31413E+2
296 5.96362E+17 3.80012E+2
296 7.90604E+17 3.35622E+2
296 1.04811E+18 2.97735E+2
296 1.38950E+18 2.65705E+2
296 1.84207E+18 2.38896E+2
296 2.44205E+18 2.16442E+2
296 3.23746E+18 1.97632E+2
296 4.29193E+18 1.81958E+2
296 5.68987E+18 1.68813E+2
296 7.54312E+18 1.57756E+2
296 1.00000E+19 1.48444E+2
302 1.00000E+13 1.32013E+3
302 1.32571E+13 1.32005E+3
302 1.75751E+13 1.31994E+3
302 2.32995E+13 1.31980E+3
302 3.08884E+13 1.31962E+3
302 4.09492E+13 1.31939E+3
302 5.42868E+13 1.31910E+3
302 7.19686E+13 1.31872E+3
302 9.54095E+13 1.31824E+3
302 1.26486E+14 1.31763E+3
302 1.67683E+14 1.31684E+3
302 2.22300E+14 1.31584E+3
302 2.94705E+14 1.31455E+3
302 3.90694E+14 1.31290E+3
302 5.17947E+14 1.31080E+3
302 6.86649E+14 1.30812E+3
302 9.10298E+14 1.30471E+3
302 1.20679E+15 1.30036E+3
302 1.59986E+15 1.29483E+3
302 2.12095E+15 1.28782E+3
302 2.81177E+15 1.27897E+3
302 3.72759E+15 1.26782E+3
302 4.94171E+15 1.25384E+3
302 6.55129E+15 1.23643E+3
302 8.68511E+15 1.21489E+3
302 1.15140E+16 1.18850E+3
302 1.52642E+16 1.15650E+3
302 2.02359E+16 1.11825E+3
302 2.68270E+16 1.07323E+3
302 3.55648E+16 1.02126E+3
302 4.71487E+16 9.62571E+2
302 6.25055E+16 8.97885E+2
302 8.28643E+16 8.28532E+2
302 1.09854E+17 7.56326E+2
302 1.45635E+17 6.83346E+2
302 1.93070E+17 6.11850E+2
302 2.55955E+17 5.43832E+2
302 3.39322E+17 4.80882E+2
302 4.49843E+17 4.24077E+2
302 5.96362E+17 3.73943E+2
302 7.90604E+17 3.30432E+2
302 1.04811E+18 2.93196E+2
302 1.38950E+18 2.61756E+2
302 1.84207E+18 2.35324E+2
302 2.44205E+18 2.13177E+2
302 3.23746E+18 1.94726E+2
302 4.29193E+18 1.79273E+2
302 5.68987E+18 1.66327E+2
302 7.54312E+18 1.55450E+2
302 1.00000E+19 1.46263E+2
308 1.00000E+13 1.26394E+3
308 1.32571E+13 1.26386E+3
308 1.75751E+13 1.26376E+3
308 2.32995E+13 1.26363E+3
308 3.08884E+13 1.26346E+3
308 4.09492E+13 1.26325E+3
308 5.42868E+13 1.26298E+3
308 7.19686E+13 1.26263E+3
308 9.54095E+13 1.26218E+3
308 1.26486E+14 1.26161E+3
308 1.67683E+14 1.26088E+3
308 2.22300E+14 1.25994E+3
308 2.94705E+14 1.25875E+3
308 3.90694E+14 1.25722E+3
308 5.17947E+14 1.25527E+3
308 6.86649E+14 1.25279E+3
308 9.10298E+14 1.24962E+3
308 1.20679E+15 1.24560E+3
308 1.59986E+15 1.24048E+3
308 2.12095E+15 1.23400E+3
308 2.81177E+15 1.22581E+3
308 3.72759E+15 1.21550E+3
308 4.94171E+15 1.20258E+3
308 6.55129E+15 1.18647E+3
308 8.68511E+15 1.16654E+3
308 1.15140E+16 1.14209E+3
308 1.52642E+16 1.11242E+3
308 2.02359E+16 1.07689E+3
308 2.68270E+16 1.03498E+3
308 3.55648E+16 9.86471E+2
308 4.71487E+16 9.31505E+2
308 6.25055E+16 8.70689E+2
308 8.28643E+16 8.05232E+2
308 1.09854E+17 7.36725E+2
308 1.45635E+17 6.67128E+2
308 1.93070E+17 5.98624E+2
308 2.55955E+17 5.33079E+2
308 3.39322E+17 4.72173E+2
308 4.49843E+17 4.16912E+2
308 5.96362E+17 3.67940E+2
308 7.90604E+17 3.25374E+2
308 1.04811E+18 2.88870E+2
308 1.38950E+18 2.57911E+2
308 1.84207E+18 2.31850E+2
308 2.44205E+18 2.10094E+2
308 3.23746E+18 1.91886E+2
308 4.29193E+18 1.76691E+2
308 5.68987E+18 1.63933E+2
308 7.54312E+18 1.53227E+2
308 1.00000E+19 1.44197E+2
314 1.00000E+13 1.21125E+3
314 1.32571E+13 1.21117E+3
314 1.75751E+13 1.21108E+3
314 2.32995E+13 1.21096E+3
314 3.08884E+13 1.21080E+3
314 4.09492E+13 1.21060E+3
314 5.42868E+13 1.21035E+3
314 7.19686E+13 1.21002E+3
314 9.54095E+13 1.20960E+3
314 1.26486E+14 1.20907E+3
314 1.67683E+14 1.20839E+3
314 2.22300E+14 1.20752E+3
314 2.94705E+14 1.20641E+3
314 3.90694E+14 1.20499E+3
314 5.17947E+14 1.20318E+3
314 6.86649E+14 1.20087E+3
314 9.10298E+14 1.19794E+3
314 1.20679E+15 1.19420E+3
314 1.59986E+15 1.18946E+3
314 2.12095E+15 1.18346E+3
314 2.81177E+15 1.17587E+3
314 3.72759E+15 1.16632E+3
314 4.94171E+15 1.15435E+3
314 6.55129E+15 1.13943E+3
314 8.68511E+15 1.12096E+3
314 1.15140E+16 1.09828E+3
314 1.52642E+16 1.07073E+3
314 2.02359E+16 1.03768E+3
314 2.68270E+16 9.98624E+2
314 3.55648E+16 9.53309E+2
314 4.71487E+16 9.01793E+2
314 6.25055E+16 8.44608E+2
314 8.28643E+16 7.82749E+2
314 1.09854E+17 7.17729E+2
314 1.45635E+17 6.51403E+2
314 1.93070E+17 5.85717E+2
314 2.55955E+17 5.22583E+2
314 3.39322E+17 4.63660E+2
314 4.49843E+17 4.09976E+2
314 5.96362E+17 3.62158E+2
314 7.90604E+17 3.20520E+2
314 1.04811E+18 2.84653E+2
314 1.38950E+18 2.54253E+2
314 1.84207E+18 2.28642E+2
314 2.44205E+18 2.07171E+2
314 3.23746E+18 1.89200E+2
314 4.29193E+18 1.74225E+2
314 5.68987E+18 1.61626E+2
314 7.54312E+18 1.51119E+2
314 1.00000E+19 1.42234E+2
320 1.00000E+13 1.16177E+3
320 1.32571E+13 1.16170E+3
320 1.75751E+13 1.16161E+3
320 2.32995E+13 1.16150E+3
320 3.08884E+13 1.16135E+3
320 4.09492E+13 1.16117E+3
320 5.42868E+13 1.16093E+3
320 7.19686E+13 1.16062E+3
320 9.54095E+13 1.16024E+3
320 1.26486E+14 1.15974E+3
320 1.67683E+14 1.15910E+3
320 2.22300E+14 1.15829E+3
320 2.94705E+14 1.15726E+3
320 3.90694E+14 1.15594E+3
320 5.17947E+14 1.15425E+3
320 6.86649E+14 1.15211E+3
320 9.10298E+14 1.14938E+3
320 1.20679E+15 1.14591E+3
320 1.59986E+15 1.14151E+3
320 2.12095E+15 1.13594E+3
320 2.81177E+15 1.12890E+3
320 3.72759E+15 1.12004E+3
320 4.94171E+15 1.10894E+3
320 6.55129E+15 1.09509E+3
320 8.68511E+15 1.07794E+3
320 1.15140E+16 1.05688E+3
320 1.52642E+16 1.03127E+3
320 2.02359E+16 1.00049E+3
320 2.68270E+16 9.64060E+2
320 3.55648E+16 9.21675E+2
320 4.71487E+16 8.73353E+2
320 6.25055E+16 8.19524E+2
320 8.28643E+16 7.61087E+2
320 1.09854E+17 6.99404E+2
320 1.45635E+17 6.36099E+2
320 1.93070E+17 5.73193E+2
320 2.55955E+17 5.12379E+2
320 3.39322E+17 4.55338E+2
320 4.49843E+17 4.03191E+2
320 5.96362E+17 3.56572E+2
320 7.90604E+17 3.15779E+2
320 1.04811E+18 2.80616E+2
320 1.38950E+18 2.50682E+2
320 1.84207E+18 2.25427E+2
320 2.44205E+18 2.04313E+2
320 3.23746E+18 1.86572E+2
320 4.29193E+18 1.71790E+2
320 5.68987E+18 1.59438E+2
320 7.54312E+18 1.49046E+2
320 1.00000E+19 1.40334E+2
326 1.00000E+13 1.11526E+3
326 1.32571E+13 1.11520E+3
326 1.75751E+13 1.11511E+3
326 2.32995E+13 1.11501E+3
326 3.08884E+13 1.11487E+3
326 4.09492E+13 1.11470E+3
326 5.42868E+13 1.11447E+3
326 7.19686E+13 1.11419E+3
326 9.54095E+13 1.11382E+3
326 1.26486E+14 1.11336E+3
326 1.67683E+14 1.11277E+3
326 2.22300E+14 1.11201E+3
326 2.94705E+14 1.11104E+3
326 3.90694E+14 1.10981E+3
326 5.17947E+14 1.10824E+3
326 6.86649E+14 1.10625E+3
326 9.10298E+14 1.10371E+3
326 1.20679E+15 1.10048E+3
326 1.59986E+15 1.09639E+3
326 2.12095E+15 1.09121E+3
326 2.81177E+15 1.08467E+3
326 3.72759E+15 1.07644E+3
326 4.94171E+15 1.06612E+3
326 6.55129E+15 1.05326E+3
326 8.68511E+15 1.03732E+3
326 1.15140E+16 1.01773E+3
326 1.52642E+16 9.93881E+2
326 2.02359E+16 9.65193E+2
326 2.68270E+16 9.31172E+2
326 3.55648E+16 8.91497E+2
326 4.71487E+16 8.46150E+2
326 6.25055E+16 7.95457E+2
326 8.28643E+16 7.40212E+2
326 1.09854E+17 6.81644E+2
326 1.45635E+17 6.21304E+2
326 1.93070E+17 5.60957E+2
326 2.55955E+17 5.02430E+2
326 3.39322E+17 4.47247E+2
326 4.49843E+17 3.96553E+2
326 5.96362E+17 3.51105E+2
326 7.90604E+17 3.11211E+2
326 1.04811E+18 2.76671E+2
326 1.38950E+18 2.47271E+2
326 1.84207E+18 2.22440E+2
326 2.44205E+18 2.01596E+2
326 3.23746E+18 1.84151E+2
326 4.29193E+18 1.69552E+2
326 5.68987E+18 1.57324E+2
326 7.54312E+18 1.47108E+2
326 1.00000E+19 1.38492E+2
332 1.00000E+13 1.07149E+3
332 1.32571E+13 1.07143E+3
332 1.75751E+13 1.07135E+3
332 2.32995E+13 1.07125E+3
332 3.08884E+13 1.07112E+3
332 4.09492E+13 1.07096E+3
332 5.42868E+13 1.07075E+3
332 7.19686E+13 1.07048E+3
332 9.54095E+13 1.07014E+3
332 1.26486E+14 1.06971E+3
332 1.67683E+14 1.06915E+3
332 2.22300E+14 1.06844E+3
332 2.94705E+14 1.06754E+3
332 3.90694E+14 1.06639E+3
332 5.17947E+14 1.06493E+3
332 6.86649E+14 1.06307E+3
332 9.10298E+14 1.06070E+3
332 1.20679E+15 1.05770E+3
332 1.59986E+15 1.05388E+3
332 2.12095E+15 1.04906E+3
332 2.81177E+15 1.04298E+3
332 3.72759E+15 1.03532E+3
332 4.94171E+15 1.02572E+3
332 6.55129E+15 1.01375E+3
332 8.68511E+15 9.98919E+2
332 1.15140E+16 9.80674E+2
332 1.52642E+16 9.58445E+2
332 2.02359E+16 9.31670E+2
332 2.68270E+16 8.99865E+2
332 3.55648E+16 8.62702E+2
332 4.71487E+16 8.20098E+2
332 6.25055E+16 7.72341E+2
332 8.28643E+16 7.20091E+2
332 1.09854E+17 6.64439E+2
332 1.45635E+17 6.06906E+2
332 1.93070E+17 5.49116E+2
332 2.55955E+17 4.92758E+2
332 3.39322E+17 4.39369E+2
332 4.49843E+17 3.90104E+2
332 5.96362E+17 3.45807E+2
332 7.90604E+17 3.06740E+2
332 1.04811E+18 2.72879E+2
332 1.38950E+18 2.43935E+2
332 1.84207E+18 2.19514E+2
332 2.44205E+18 1.98935E+2
332 3.23746E+18 1.81703E+2
332 4.29193E+18 1.67351E+2
332 5.68987E+18 1.55327E+2
332 7.54312E+18 1.45199E+2
332 1.00000E+19 1.36707E+2
338 1.00000E+13 1.03025E+3
338 1.32571E+13 1.03019E+3
338 1.75751E+13 1.03012E+3
338 2.32995E+13 1.03002E+3
338 3.08884E+13 1.02990E+3
338 4.09492E+13 1.02975E+3
338 5.42868E+13 1.02955E+3
338 7.19686E+13 1.02930E+3
338 9.54095E+13 1.02898E+3
338 1.26486E+14 1.02857E+3
338 1.67683E+14 1.02805E+3
338 2.22300E+14 1.02739E+3
338 2.94705E+14 1.02655E+3
338 3.90694E+14 1.02548E+3
338 5.17947E+14 1.02411E+3
338 6.86649E+14 1.02237E+3
338 9.10298E+14 1.02016E+3
338 1.20679E+15 1.01736E+3
338 1.59986E+15 1.01380E+3
338 2.12095E+15 1.00931E+3
338 2.81177E+15 1.00364E+3
338 3.72759E+15 9.96501E+2
338 4.94171E+15 9.87560E+2
338 6.55129E+15 9.76409E+2
338 8.68511E+15 9.62584E+2
338 1.15140E+16 9.45571E+2
338 1.52642E+16 9.24825E+2
338 2.02359E+16 8.99809E+2
338 2.68270E+16 8.70044E+2
338 3.55648E+16 8.35195E+2
338 4.71487E+16 7.95150E+2
338 6.25055E+16 7.50118E+2
338 8.28643E+16 7.00675E+2
338 1.09854E+17 6.47830E+2
338 1.45635E+17 5.92937E+2
338 1.93070E+17 5.37545E+2
338 2.55955E+17 4.83273E+2
338 3.39322E+17 4.31673E+2
338 4.49843E+17 3.83829E+2
338 5.96362E+17 3.40614E+2
338 7.90604E+17 3.02416E+2
338 1.04811E+18 2.69167E+2
338 1.38950E+18 2.40736E+2
338 1.84207E+18 2.16650E+2
338 2.44205E+18 1.96397E+2
338 3.23746E+18 1.79438E+2
338 4.29193E+18 1.65191E+2
338 5.68987E+18 1.53314E+2
338 7.54312E+18 1.43379E+2
338 1.00000E+19 1.35004E+2
344 1.00000E+13 9.91350E+2
344 1.32571E+13 9.91295E+2
344 1.75751E+13 9.91225E+2
344 2.32995E+13 9.91136E+2
344 3.08884E+13 9.91023E+2
344 4.09492E+13 9.90878E+2
344 5.42868E+13 9.90693E+2
344 7.19686E+13 9.90458E+2
344 9.54095E+13 9.90158E+2
344 1.26486E+14 9.89775E+2
344 1.67683E+14 9.89288E+2
344 2.22300E+14 9.88668E+2
344 2.94705E+14 9.87878E+2
344 3.90694E+14 9.86872E+2
344 5.17947E+14 9.85593E+2
344 6.86649E+14 9.83967E+2
344 9.10298E+14 9.81902E+2
344 1.20679E+15 9.79283E+2
344 1.59986E+15 9.75965E+2
344 2.12095E+15 9.71769E+2
344 2.81177E+15 9.66477E+2
344 3.72759E+15 9.59821E+2
344 4.94171E+15 9.51480E+2
344 6.55129E+15 9.41077E+2
344 8.68511E+15 9.28175E+2
344 1.15140E+16 9.12292E+2
344 1.52642E+16 8.92909E+2
344 2.02359E+16 8.69512E+2
344 2.68270E+16 8.41632E+2
344 3.55648E+16 8.08925E+2
344 4.71487E+16 7.71253E+2
344 6.25055E+16 7.28765E+2
344 8.28643E+16 6.81959E+2
344 1.09854E+17 6.31738E+2
344 1.45635E+17 5.79350E+2
344 1.93070E+17 5.26290E+2
344 2.55955E+17 4.74034E+2
344 3.39322E+17 4.24120E+2
344 4.49843E+17 3.77676E+2
344 5.96362E+17 3.35569E+2
344 7.90604E+17 2.98178E+2
344 1.04811E+18 2.65587E+2
344 1.38950E+18 2.37659E+2
344 1.84207E+18 2.13908E+2
344 2.44205E+18 1.93909E+2
344 3.23746E+18 1.77210E+2
344 4.29193E+18 1.63191E+2
344 5.68987E+18 1.51454E+2
344 7.54312E+18 1.41613E+2
344 1.00000E+19 1.33376E+2
350 1.00000E+13 9.54621E+2
350 1.32571E+13 9.54569E+2
350 1.75751E+13 9.54503E+2
350 2.32995E+13 9.54419E+2
350 3.08884E+13 9.54312E+2
350 4.09492E+13 9.54176E+2
350 5.42868E+13 9.54002E+2
350 7.19686E+13 9.53780E+2
350 9.54095E+13 9.53498E+2
350 1.26486E+14 9.53139E+2
350 1.67683E+14 9.52682E+2
350 2.22300E+14 9.52100E+2
350 2.94705E+14 9.51359E+2
350 3.90694E+14 9.50416E+2
350 5.17947E+14 9.49218E+2
350 6.86649E+14 9.47696E+2
350 9.10298E+14 9.45763E+2
350 1.20679E+15 9.43313E+2
350 1.59986E+15 9.40211E+2
350 2.12095E+15 9.36289E+2
350 2.81177E+15 9.31345E+2
350 3.72759E+15 9.25127E+2
350 4.94171E+15 9.17336E+2
350 6.55129E+15 9.07618E+2
350 8.68511E+15 8.95565E+2
350 1.15140E+16 8.80718E+2
350 1.52642E+16 8.62588E+2
350 2.02359E+16 8.40680E+2
350 2.68270E+16 8.14538E+2
350 3.55648E+16 7.83815E+2
350 4.71487E+16 7.48346E+2
350 6.25055E+16 7.08233E+2
350 8.28643E+16 6.63913E+2
350 1.09854E+17 6.16194E+2
350 1.45635E+17 5.66197E+2
350 1.93070E+17 5.15301E+2
350 2.55955E+17 4.65028E+2
350 3.39322E+17 4.16755E+2
350 4.49843E+17 3.71679E+2
350 5.96362E+17 3.30618E+2
350 7.90604E+17 2.94069E+2
350 1.04811E+18 2.62126E+2
350 1.38950E+18 2.34640E+2
350 1.84207E+18 2.11275E+2
350 2.44205E+18 1.91584E+2
350 3.23746E+18 1.75023E+2
350 4.29193E+18 1.61165E+2
350 5.68987E+18 1.49620E+2
350 7.54312E+18 1.39924E+2
350 1.00000E+19 1.31767E+2
356 1.00000E+13 9.19906E+2
356 1.32571E+13 9.19858E+2
356 1.75751E+13 9.19795E+2
356 2.32995E+13 9.19716E+2
356 3.08884E+13 9.19615E+2
356 4.09492E+13 9.19486E+2
356 5.42868E+13 9.19323E+2
356 7.19686E+13 9.19114E+2
356 9.54095E+13 9.18849E+2
356 1.26486E+14 9.18511E+2
356 1.67683E+14 9.18081E+2
356 2.22300E+14 9.17534E+2
356 2.94705E+14 9.16838E+2
356 3.90694E+14 9.15954E+2
356 5.17947E+14 9.14830E+2
356 6.86649E+14 9.13403E+2
356 9.10298E+14 9.11592E+2
356 1.20679E+15 9.09297E+2
356 1.59986E+15 9.06393E+2
356 2.12095E+15 9.02723E+2
356 2.81177E+15 8.98097E+2
356 3.72759E+15 8.92281E+2
356 4.94171E+15 8.84995E+2
356 6.55129E+15 8.75906E+2
356 8.68511E+15 8.64631E+2
356 1.15140E+16 8.50738E+2
356 1.52642E+16 8.33761E+2
356 2.02359E+16 8.13225E+2
356 2.68270E+16 7.88692E+2
356 3.55648E+16 7.59809E+2
356 4.71487E+16 7.26397E+2
356 6.25055E+16 6.88506E+2
356 8.28643E+16 6.46511E+2
356 1.09854E+17 6.01134E+2
356 1.45635E+17 5.53404E+2
356 1.93070E+17 5.04645E+2
356 2.55955E+17 4.56246E+2
356 3.39322E+17 4.09569E+2
356 4.49843E+17 3.65842E+2
356 5.96362E+17 3.25797E+2
356 7.90604E+17 2.90077E+2
356 1.04811E+18 2.58727E+2
356 1.38950E+18 2.31728E+2
356 1.84207E+18 2.08690E+2
356 2.44205E+18 1.89245E+2
356 3.23746E+18 1.72930E+2
356 4.29193E+18 1.59282E+2
356 5.68987E+18 1.47866E+2
356 7.54312E+18 1.38295E+2
356 1.00000E+19 1.30227E+2
362 1.00000E+13 8.87064E+2
362 1.32571E+13 8.87018E+2
362 1.75751E+13 8.86959E+2
362 2.32995E+13 8.86884E+2
362 3.08884E+13 8.86789E+2
362 4.09492E+13 8.86668E+2
362 5.42868E+13 8.86513E+2
362 7.19686E+13 8.86316E+2
362 9.54095E+13 8.86066E+2
362 1.26486E+14 8.85748E+2
362 1.67683E+14 8.85344E+2
362 2.22300E+14 8.84829E+2
362 2.94705E+14 8.84175E+2
362 3.90694E+14 8.83344E+2
362 5.17947E+14 8.82288E+2
362 6.86649E+14 8.80949E+2
362 9.10298E+14 8.79250E+2
362 1.20679E+15 8.77098E+2
362 1.59986E+15 8.74376E+2
362 2.12095E+15 8.70938E+2
362 2.81177E+15 8.66605E+2
362 3.72759E+15 8.61158E+2
362 4.94171E+15 8.54336E+2
362 6.55129E+15 8.45826E+2
362 8.68511E+15 8.35267E+2
362 1.15140E+16 8.22251E+2
362 1.52642E+16 8.06336E+2
362 2.02359E+16 7.87070E+2
362 2.68270E+16 7.64024E+2
362 3.55648E+16 7.36846E+2
362 4.71487E+16 7.05344E+2
362 6.25055E+16 6.69528E+2
362 8.28643E+16 6.29715E+2
362 1.09854E+17 5.86546E+2
362 1.45635E+17 5.40990E+2
362 1.93070E+17 4.94242E+2
362 2.55955E+17 4.47641E+2
362 3.39322E+17 4.02551E+2
362 4.49843E+17 3.60039E+2
362 5.96362E+17 3.21097E+2
362 7.90604E+17 2.86154E+2
362 1.04811E+18 2.55431E+2
362 1.38950E+18 2.28867E+2
362 1.84207E+18 2.06201E+2
362 2.44205E+18 1.87049E+2
362 3.23746E+18 1.70924E+2
362 4.29193E+18 1.57426E+2
362 5.68987E+18 1.46135E+2
362 7.54312E+18 1.36674E+2
362 1.00000E+19 1.28751E+2
368 1.00000E+13 8.55964E+2
368 1.32571E+13 8.55921E+2
368 1.75751E+13 8.55865E+2
368 2.32995E+13 8.55794E+2
368 3.08884E+13 8.55704E+2
368 4.09492E+13 8.55589E+2
368 5.42868E+13 8.55443E+2
368 7.19686E+13 8.55258E+2
368 9.54095E+13 8.55022E+2
368 1.26486E+14 8.54722E+2
368 1.67683E+14 8.54341E+2
368 2.22300E+14 8.53856E+2
368 2.94705E+14 8.53240E+2
368 3.90694E+14 8.52459E+2
368 5.17947E+14 8.51466E+2
368 6.86649E+14 8.50208E+2
368 9.10298E+14 8.48612E+2
368 1.20679E+15 8.46592E+2
368 1.59986E+15 8.44037E+2
368 2.12095E+15 8.40812E+2
368 2.81177E+15 8.36748E+2
368 3.72759E+15 8.31642E+2
368 4.94171E+15 8.25246E+2
368 6.55129E+15 8.17269E+2
368 8.68511E+15 8.07369E+2
368 1.15140E+16 7.95162E+2
368 1.52642E+16 7.80228E+2
368 2.02359E+16 7.62134E+2
368 2.68270E+16 7.40464E+2
368 3.55648E+16 7.14874E+2
368 4.71487E+16 6.85150E+2
368 6.25055E+16 6.51276E+2
368 8.28643E+16 6.13524E+2
368 1.09854E+17 5.72448E+2
368 1.45635E+17 5.28920E+2
368 1.93070E+17 4.84117E+2
368 2.55955E+17 4.39250E+2
368 3.39322E+17 3.95653E+2
368 4.49843E+17 3.54430E+2
368 5.96362E+17 3.16462E+2
368 7.90604E+17 2.82300E+2
368 1.04811E+18 2.52192E+2
368 1.38950E+18 2.26101E+2
368 1.84207E+18 2.03755E+2
368 2.44205E+18 1.84888E+2
368 3.23746E+18 1.68949E+2
368 4.29193E+18 1.55646E+2
368 5.68987E+18 1.44477E+2
368 7.54312E+18 1.35166E+2
368 1.00000E+19 1.27311E+2
374 1.00000E+13 8.26487E+2
374 1.32571E+13 8.26446E+2
374 1.75751E+13 8.26393E+2
374 2.32995E+13 8.26326E+2
374 3.08884E+13 8.26240E+2
374 4.09492E+13 8.26132E+2
374 5.42868E+13 8.25994E+2
374 7.19686E+13 8.25819E+2
374 9.54095E+13 8.25596E+2
374 1.26486E+14 8.25313E+2
374 1.67683E+14 8.24953E+2
374 2.22300E+14 8.24496E+2
374 2.94705E+14 8.23916E+2
374 3.90694E+14 8.23180E+2
374 5.17947E+14 8.22246E+2
374 6.86649E+14 8.21062E+2
374 9.10298E+14 8.19562E+2
374 1.20679E+15 8.17663E+2
374 1.59986E+15 8.15263E+2
374 2.12095E+15 8.12234E+2
374 2.81177E+15 8.08419E+2
374 3.72759E+15 8.03626E+2
374 4.94171E+15 7.97623E+2
374 6.55129E+15 7.90137E+2
374 8.68511E+15 7.80845E+2
374 1.15140E+16 7.69385E+2
374 1.52642E+16 7.55357E+2
374 2.02359E+16 7.38347E+2
374 2.68270E+16 7.17954E+2
374 3.55648E+16 6.93836E+2
374 4.71487E+16 6.65769E+2
374 6.25055E+16 6.33717E+2
374 8.28643E+16 5.97892E+2
374 1.09854E+17 5.58790E+2
374 1.45635E+17 5.17225E+2
374 1.93070E+17 4.74239E+2
374 2.55955E+17 4.31066E+2
374 3.39322E+17 3.88916E+2
374 4.49843E+17 3.48947E+2
374 5.96362E+17 3.11953E+2
374 7.90604E+17 2.78578E+2
374 1.04811E+18 2.49046E+2
374 1.38950E+18 2.23381E+2
374 1.84207E+18 2.01394E+2
374 2.44205E+18 1.82762E+2
374 3.23746E+18 1.67051E+2
374 4.29193E+18 1.53891E+2
374 5.68987E+18 1.42885E+2
374 7.54312E+18 1.33673E+2
374 1.00000E+19 1.25908E+2
380 1.00000E+13 7.98523E+2
380 1.32571E+13 7.98484E+2
380 1.75751E+13 7.98434E+2
380 2.32995E+13 7.98370E+2
380 3.08884E+13 7.98290E+2
380 4.09492E+13 7.98187E+2
380 5.42868E+13 7.98056E+2
380 7.19686E+13 7.97891E+2
380 9.54095E+13 7.97680E+2
380 1.26486E+14 7.97413E+2
380 1.67683E+14 7.97073E+2
380 2.22300E+14 7.96642E+2
380 2.94705E+14 7.96095E+2
380 3.90694E+14 7.95401E+2
380 5.17947E+14 7.94521E+2
380 6.86649E+14 7.93406E+2
380 9.10298E+14 7.91993E+2
380 1.20679E+15 7.90207E+2
380 1.59986E+15 7.87949E+2
380 2.12095E+15 7.85101E+2
380 2.81177E+15 7.81515E+2
380 3.72759E+15 7.77012E+2
380 4.94171E+15 7.71373E+2
380 6.55129E+15 7.64339E+2
380 8.68511E+15 7.55609E+2
380 1.15140E+16 7.44839E+2
380 1.52642E+16 7.31649E+2
380 2.02359E+16 7.15644E+2
380 2.68270E+16 6.96435E+2
380 3.55648E+16 6.73689E+2
380 4.71487E+16 6.47171E+2
380 6.25055E+16 6.16821E+2
380 8.28643E+16 5.82809E+2
380 1.09854E+17 5.45573E+2
380 1.45635E+17 5.05856E+2
380 1.93070E+17 4.64648E+2
380 2.55955E+17 4.23081E+2
380 3.39322E+17 3.82335E+2
380 4.49843E+17 3.43539E+2
380 5.96362E+17 3.07545E+2
380 7.90604E+17 2.74886E+2
380 1.04811E+18 2.45950E+2
380 1.38950E+18 2.20744E+2
380 1.84207E+18 1.99110E+2
380 2.44205E+18 1.80714E+2
380 3.23746E+18 1.65224E+2
380 4.29193E+18 1.52204E+2
380 5.68987E+18 1.41313E+2
380 7.54312E+18 1.32198E+2
380 1.00000E+19 1.24549E+2
386 1.00000E+13 7.71973E+2
386 1.32571E+13 7.71935E+2
386 1.75751E+13 7.71888E+2
386 2.32995E+13 7.71827E+2
386 3.08884E+13 7.71751E+2
386 4.09492E+13 7.71653E+2
386 5.42868E+13 7.71530E+2
386 7.19686E+13 7.71373E+2
386 9.54095E+13 7.71174E+2
386 1.26486E+14 7.70921E+2
386 1.67683E+14 7.70600E+2
386 2.22300E+14 7.70193E+2
386 2.94705E+14 7.69676E+2
386 3.90694E+14 7.69021E+2
386 5.17947E+14 7.68191E+2
386 6.86649E+14 7.67140E+2
386 9.10298E+14 7.65809E+2
386 1.20679E+15 7.64126E+2
386 1.59986E+15 7.62001E+2
386 2.12095E+15 7.59320E+2
386 2.81177E+15 7.55946E+2
386 3.72759E+15 7.51710E+2
386 4.94171E+15 7.46406E+2
386 6.55129E+15 7.39792E+2
386 8.68511E+15 7.31581E+2
386 1.15140E+16 7.21448E+2
386 1.52642E+16 7.09035E+2
386 2.02359E+16 6.93962E+2
386 2.68270E+16 6.75854E+2
386 3.55648E+16 6.54383E+2
386 4.71487E+16 6.29309E+2
386 6.25055E+16 6.00552E+2
386 8.28643E+16 5.68244E+2
386 1.09854E+17 5.32780E+2
386 1.45635E+17 4.94819E+2
386 1.93070E+17 4.55290E+2
386 2.55955E+17 4.15288E+2
386 3.39322E+17 3.75903E+2
386 4.49843E+17 3.38251E+2
386 5.96362E+17 3.03186E+2
386 7.90604E+17 2.71326E+2
386 1.04811E+18 2.42937E+2
386 1.38950E+18 2.18183E+2
386 1.84207E+18 1.96861E+2
386 2.44205E+18 1.78736E+2
386 3.23746E+18 1.63422E+2
386 4.29193E+18 1.50581E+2
386 5.68987E+18 1.39840E+2
386 7.54312E+18 1.30818E+2
386 1.00000E+19 1.23250E+2
392 1.00000E+13 7.46743E+2
392 1.32571E+13 7.46707E+2
392 1.75751E+13 7.46662E+2
392 2.32995E+13 7.46605E+2
392 3.08884E+13 7.46532E+2
392 4.09492E+13 7.46440E+2
392 5.42868E+13 7.46323E+2
392 7.19686E+13 7.46174E+2
392 9.54095E+13 7.45985E+2
392 1.26486E+14 7.45746E+2
392 1.67683E+14 7.45442E+2
392 2.22300E+14 7.45057E+2
392 2.94705E+14 7.44569E+2
392 3.90694E+14 7.43950E+2
392 5.17947E+14 7.43166E+2
392 6.86649E+14 7.42174E+2
392 9.10298E+14 7.40919E+2
392 1.20679E+15 7.39332E+2
392 1.59986E+15 7.37329E+2
392 2.12095E+15 7.34803E+2
392 2.81177E+15 7.31626E+2
392 3.72759E+15 7.27636E+2
392 4.94171E+15 7.22643E+2
392 6.55129E+15 7.16416E+2
392 8.68511E+15 7.08686E+2
392 1.15140E+16 6.99145E+2
392 1.52642E+16 6.87451E+2
392 2.02359E+16 6.73243E+2
392 2.68270E+16 6.56159E+2
392 3.55648E+16 6.35874E+2
392 4.71487E+16 6.12152E+2
392 6.25055E+16 5.84889E+2
392 8.28643E+16 5.54191E+2
392 1.09854E+17 5.20395E+2
392 1.45635E+17 4.84105E+2
392 1.93070E+17 4.46182E+2
392 2.55955E+17 4.07659E+2
392 3.39322E+17 3.69614E+2
392 4.49843E+17 3.33079E+2
392 5.96362E+17 2.98924E+2
392 7.90604E+17 2.67780E+2
392 1.04811E+18 2.39999E+2
392 1.38950E+18 2.15661E+2
392 1.84207E+18 1.94682E+2
392 2.44205E+18 1.76787E+2
392 3.23746E+18 1.61684E+2
392 4.29193E+18 1.49015E+2
392 5.68987E+18 1.38346E+2
392 7.54312E+18 1.29452E+2
392 1.00000E+19 1.21963E+2
398 1.00000E+13 7.22749E+2
398 1.32571E+13 7.22715E+2
398 1.75751E+13 7.22672E+2
398 2.32995E+13 7.22617E+2
398 3.08884E+13 7.22548E+2
398 4.09492E+13 7.22461E+2
398 5.42868E+13 7.22350E+2
398 7.19686E+13 7.22208E+2
398 9.54095E+13 7.22030E+2
398 1.26486E+14 7.21803E+2
398 1.67683E+14 7.21515E+2
398 2.22300E+14 7.21151E+2
398 2.94705E+14 7.20689E+2
398 3.90694E+14 7.20104E+2
398 5.17947E+14 7.19363E+2
398 6.86649E+14 7.18426E+2
398 9.10298E+14 7.17240E+2
398 1.20679E+15 7.15743E+2
398 1.59986E+15 7.13853E+2
398 2.12095E+15 7.11471E+2
398 2.81177E+15 7.08475E+2
398 3.72759E+15 7.04715E+2
398 4.94171E+15 7.00009E+2
398 6.55129E+15 6.94142E+2
398 8.68511E+15 6.86857E+2
398 1.15140E+16 6.77864E+2
398 1.52642E+16 6.66838E+2
398 2.02359E+16 6.53433E+2
398 2.68270E+16 6.37301E+2
398 3.55648E+16 6.18126E+2
398 4.71487E+16 5.95666E+2
398 6.25055E+16 5.69804E+2
398 8.28643E+16 5.40617E+2
398 1.09854E+17 5.08396E+2
398 1.45635E+17 4.73702E+2
398 1.93070E+17 4.37314E+2
398 2.55955E+17 4.00215E+2
398 3.39322E+17 3.63436E+2
398 4.49843E+17 3.28015E+2
398 5.96362E+17 2.94754E+2
398 7.90604E+17 2.64317E+2
398 1.04811E+18 2.37106E+2
398 1.38950E+18 2.13207E+2
398 1.84207E+18 1.92535E+2
398 2.44205E+18 1.74901E+2
398 3.23746E+18 1.60005E+2
398 4.29193E+18 1.47468E+2
398 5.68987E+18 1.36942E+2
398 7.54312E+18 1.28101E+2
398 1.00000E+19 1.20723E+2
404 1.00000E+13 6.99912E+2
404 1.32571E+13 6.99880E+2
404 1.75751E+13 6.99839E+2
404 2.32995E+13 6.99787E+2
404 3.08884E+13 6.99721E+2
404 4.09492E+13 6.99638E+2
404 5.42868E+13 6.99532E+2
404 7.19686E+13 6.99398E+2
404 9.54095E+13 6.99229E+2
404 1.26486E+14 6.99014E+2
404 1.67683E+14 6.98741E+2
404 2.22300E+14 6.98396E+2
404 2.94705E+14 6.97959E+2
404 3.90694E+14 6.97405E+2
404 5.17947E+14 6.96704E+2
404 6.86649E+14 6.95818E+2
404 9.10298E+14 6.94697E+2
404 1.20679E+15 6.93283E+2
404 1.59986E+15 6.91498E+2
404 2.12095E+15 6.89249E+2
404 2.81177E+15 6.86422E+2
404 3.72759E+15 6.82874E+2
404 4.94171E+15 6.78436E+2
404 6.55129E+15 6.72901E+2
404 8.68511E+15 6.66030E+2
404 1.15140E+16 6.57546E+2
404 1.52642E+16 6.47141E+2
404 2.02359E+16 6.34484E+2
404 2.68270E+16 6.19238E+2
404 3.55648E+16 6.01097E+2
404 4.71487E+16 5.79818E+2
404 6.25055E+16 5.55273E+2
404 8.28643E+16 5.27509E+2
404 1.09854E+17 4.96779E+2
404 1.45635E+17 4.63590E+2
404 1.93070E+17 4.28681E+2
404 2.55955E+17 3.92951E+2
404 3.39322E+17 3.57422E+2
404 4.49843E+17 3.23027E+2
404 5.96362E+17 2.90671E+2
404 7.90604E+17 2.60974E+2
404 1.04811E+18 2.34293E+2
404 1.38950E+18 2.10789E+2
404 1.84207E+18 1.90450E+2
404 2.44205E+18 1.73074E+2
404 3.23746E+18 1.58347E+2
404 4.29193E+18 1.45941E+2
404 5.68987E+18 1.35552E+2
404 7.54312E+18 1.26832E+2
404 1.00000E+19 1.19494E+2
410 1.00000E+13 6.78160E+2
410 1.32571E+13 6.78129E+2
410 1.75751E+13 6.78090E+2
410 2.32995E+13 6.78041E+2
410 3.08884E+13 6.77979E+2
410 4.09492E+13 6.77899E+2
410 5.42868E+13 6.77799E+2
410 7.19686E+13 6.77672E+2
410 9.54095E+13 6.77511E+2
410 1.26486E+14 6.77306E+2
410 1.67683E+14 6.77048E+2
410 2.22300E+14 6.76720E+2
410 2.94705E+14 6.76306E+2
410 3.90694E+14 6.75781E+2
410 5.17947E+14 6.75118E+2
410 6.86649E+14 6.74279E+2
410 9.10298E+14 6.73219E+2
410 1.20679E+15 6.71881E+2
410 1.59986E+15 6.70194E+2
410 2.12095E+15 6.68070E+2
410 2.81177E+15 6.65399E+2
410 3.72759E+15 6.62049E+2
410 4.94171E+15 6.57858E+2
410 6.55129E+15 6.52633E+2
410 8.68511E+15 6.46146E+2
410 1.15140E+16 6.38136E+2
410 1.52642E+16 6.28307E+2
410 2.02359E+16 6.16345E+2
410 2.68270E+16 6.01928E+2
410 3.55648E+16 5.84753E+2
410 4.71487E+16 5.64581E+2
410 6.25055E+16 5.41272E+2
410 8.28643E+16 5.14843E+2
410 1.09854E+17 4.85529E+2
410 1.45635E+17 4.53772E+2
410 1.93070E+17 4.20261E+2
410 2.55955E+17 3.85860E+2
410 3.39322E+17 3.51515E+2
410 4.49843E+17 3.18173E+2
410 5.96362E+17 2.86670E+2
410 7.90604E+17 2.57617E+2
410 1.04811E+18 2.31507E+2
410 1.38950E+18 2.08433E+2
410 1.84207E+18 1.88423E+2
410 2.44205E+18 1.71271E+2
410 3.23746E+18 1.56743E+2
410 4.29193E+18 1.44466E+2
410 5.68987E+18 1.34179E+2
410 7.54312E+18 1.25574E+2
410 1.00000E+19 1.18339E+2
416 1.00000E+13 6.57426E+2
416 1.32571E+13 6.57397E+2
416 1.75751E+13 6.57360E+2
416 2.32995E+13 6.57313E+2
416 3.08884E+13 6.57253E+2
416 4.09492E+13 6.57178E+2
416 5.42868E+13 6.57083E+2
416 7.19686E+13 6.56962E+2
416 9.54095E+13 6.56808E+2
416 1.26486E+14 6.56614E+2
416 1.67683E+14 6.56369E+2
416 2.22300E+14 6.56058E+2
416 2.94705E+14 6.55665E+2
416 3.90694E+14 6.55168E+2
416 5.17947E+14 6.54539E+2
416 6.86649E+14 6.53744E+2
416 9.10298E+14 6.52741E+2
416 1.20679E+15 6.51474E+2
416 1.59986E+15 6.49878E+2
416 2.12095E+15 6.47869E+2
416 2.81177E+15 6.45344E+2
416 3.72759E+15 6.42177E+2
416 4.94171E+15 6.38216E+2
416 6.55129E+15 6.33279E+2
416 8.68511E+15 6.27150E+2
416 1.15140E+16 6.19580E+2
416 1.52642E+16 6.10288E+2
416 2.02359E+16 5.98975E+2
416 2.68270E+16 5.85330E+2
416 3.55648E+16 5.69058E+2
416 4.71487E+16 5.49922E+2
416 6.25055E+16 5.27772E+2
416 8.28643E+16 5.02612E+2
416 1.09854E+17 4.74633E+2
416 1.45635E+17 4.44238E+2
416 1.93070E+17 4.12076E+2
416 2.55955E+17 3.78923E+2
416 3.39322E+17 3.45717E+2
416 4.49843E+17 3.13390E+2
416 5.96362E+17 2.82718E+2
416 7.90604E+17 2.54372E+2
416 1.04811E+18 2.28785E+2
416 1.38950E+18 2.06134E+2
416 1.84207E+18 1.86423E+2
416 2.44205E+18 1.69521E+2
416 3.23746E+18 1.55158E+2
416 4.29193E+18 1.43039E+2
416 5.68987E+18 1.32882E+2
416 7.54312E+18 1.24358E+2
416 1.00000E+19 1.17193E+2
422 1.00000E+13 6.37649E+2
422 1.32571E+13 6.37621E+2
422 1.75751E+13 6.37586E+2
422 2.32995E+13 6.37541E+2
422 3.08884E+13 6.37484E+2
422 4.09492E+13 6.37412E+2
422 5.42868E+13 6.37321E+2
422 7.19686E+13 6.37206E+2
422 9.54095E+13 6.37060E+2
422 1.26486E+14 6.36876E+2
422 1.67683E+14 6.36643E+2
422 2.22300E+14 6.36348E+2
422 2.94705E+14 6.35974E+2
422 3.90694E+14 6.35502E+2
422 5.17947E+14 6.34906E+2
422 6.86649E+14 6.34153E+2
422 9.10298E+14 6.33201E+2
422 1.20679E+15 6.32002E+2
422 1.59986E+15 6.30490E+2
422 2.12095E+15 6.28588E+2
422 2.81177E+15 6.26199E+2
422 3.72759E+15 6.23203E+2
422 4.94171E+15 6.19457E+2
422 6.55129E+15 6.14787E+2
422 8.68511E+15 6.08991E+2
422 1.15140E+16 6.01830E+2
422 1.52642E+16 5.93041E+2
422 2.02359E+16 5.82332E+2
422 2.68270E+16 5.69408E+2
422 3.55648E+16 5.53982E+2
422 4.71487E+16 5.35815E+2
422 6.25055E+16 5.14758E+2
422 8.28643E+16 4.90789E+2
422 1.09854E+17 4.64072E+2
422 1.45635E+17 4.34979E+2
422 1.93070E+17 4.04093E+2
422 2.55955E+17 3.72167E+2
422 3.39322E+17 3.40068E+2
422 4.49843E+17 3.08706E+2
422 5.96362E+17 2.78845E+2
422 7.90604E+17 2.51190E+2
422 1.04811E+18 2.26122E+2
422 1.38950E+18 2.03855E+2
422 1.84207E+18 1.84475E+2
422 2.44205E+18 1.67819E+2
422 3.23746E+18 1.53623E+2
422 4.29193E+18 1.41658E+2
422 5.68987E+18 1.31599E+2
422 7.54312E+18 1.23154E+2
422 1.00000E+19 1.16085E+2
428 1.00000E+13 6.18770E+2
428 1.32571E+13 6.18744E+2
428 1.75751E+13 6.18710E+2
428 2.32995E+13 6.18667E+2
428 3.08884E+13 6.18613E+2
428 4.09492E+13 6.18545E+2
428 5.42868E+13 6.18458E+2
428 7.19686E+13 6.18348E+2
428 9.54095E+13 6.18210E+2
428 1.26486E+14 6.18034E+2
428 1.67683E+14 6.17812E+2
428 2.22300E+14 6.17532E+2
428 2.94705E+14 6.17177E+2
428 3.90694E+14 6.16729E+2
428 5.17947E+14 6.16163E+2
428 6.86649E+14 6.15448E+2
428 9.10298E+14 6.14546E+2
428 1.20679E+15 6.13408E+2
428 1.59986E+15 6.11976E+2
428 2.12095E+15 6.10174E+2
428 2.81177E+15 6.07911E+2
428 3.72759E+15 6.05074E+2
428 4.94171E+15 6.01528E+2
428 6.55129E+15 5.97108E+2
428 8.68511E+15 5.91621E+2
428 1.15140E+16 5.84843E+2
428 1.52642E+16 5.76520E+2
428 2.02359E+16 5.66377E+2
428 2.68270E+16 5.54126E+2
428 3.55648E+16 5.39491E+2
428 4.71487E+16 5.22237E+2
428 6.25055E+16 5.02206E+2
428 8.28643E+16 4.79362E+2
428 1.09854E+17 4.53847E+2
428 1.45635E+17 4.25985E+2
428 1.93070E+17 3.96320E+2
428 2.55955E+17 3.65557E+2
428 3.39322E+17 3.34523E+2
428 4.49843E+17 3.04094E+2
428 5.96362E+17 2.75050E+2
428 7.90604E+17 2.48038E+2
428 1.04811E+18 2.23476E+2
428 1.38950E+18 2.01639E+2
428 1.84207E+18 1.82575E+2
428 2.44205E+18 1.66139E+2
428 3.23746E+18 1.52132E+2
428 4.29193E+18 1.40291E+2
428 5.68987E+18 1.30356E+2
428 7.54312E+18 1.21990E+2
428 1.00000E+19 1.14985E+2
434 1.00000E+13 6.00738E+2
434 1.32571E+13 6.00712E+2
434 1.75751E+13 6.00680E+2
434 2.32995E+13 6.00639E+2
434 3.08884E+13 6.00587E+2
434 4.09492E+13 6.00522E+2
434 5.42868E+13 6.00439E+2
434 7.19686E+13 6.00335E+2
434 9.54095E+13 6.00203E+2
434 1.26486E+14 6.00036E+2
434 1.67683E+14 5.99825E+2
434 2.22300E+14 5.99558E+2
434 2.94705E+14 5.99220E+2
434 3.90694E+14 5.98794E+2
434 5.17947E+14 5.98256E+2
434 6.86649E+14 5.97577E+2
434 9.10298E+14 5.96721E+2
434 1.20679E+15 5.95642E+2
434 1.59986E+15 5.94283E+2
434 2.12095E+15 5.92575E+2
434 2.81177E+15 5.90429E+2
434 3.72759E+15 5.87741E+2
434 4.94171E+15 5.84381E+2
434 6.55129E+15 5.80194E+2
434 8.68511E+15 5.74997E+2
434 1.15140E+16 5.68575E+2
434 1.52642E+16 5.60689E+2
434 2.02359E+16 5.51074E+2
434 2.68270E+16 5.39454E+2
434 3.55648E+16 5.25560E+2
434 4.71487E+16 5.09162E+2
434 6.25055E+16 4.90095E+2
434 8.28643E+16 4.68315E+2
434 1.09854E+17 4.43933E+2
434 1.45635E+17 4.17241E+2
434 1.93070E+17 3.88740E+2
434 2.55955E+17 3.59105E+2
434 3.39322E+17 3.29116E+2
434 4.49843E+17 2.99599E+2
434 5.96362E+17 2.71328E+2
434 7.90604E+17 2.44948E+2
434 1.04811E+18 2.20922E+2
434 1.38950E+18 1.99473E+2
434 1.84207E+18 1.80699E+2
434 2.44205E+18 1.64503E+2
434 3.23746E+18 1.50659E+2
434 4.29193E+18 1.38966E+2
434 5.68987E+18 1.29126E+2
434 7.54312E+18 1.20862E+2
434 1.00000E+19 1.13922E+2
440 1.00000E+13 5.83501E+2
440 1.32571E+13 5.83477E+2
440 1.75751E+13 5.83446E+2
440 2.32995E+13 5.83407E+2
440 3.08884E+13 5.83358E+2
440 4.09492E+13 5.83295E+2
440 5.42868E+13 5.83217E+2
440 7.19686E+13 5.83117E+2
440 9.54095E+13 5.82991E+2
440 1.26486E+14 5.82832E+2
440 1.67683E+14 5.82630E+2
440 2.22300E+14 5.82376E+2
440 2.94705E+14 5.82055E+2
440 3.90694E+14 5.81650E+2
440 5.17947E+14 5.81139E+2
440 6.86649E+14 5.80493E+2
440 9.10298E+14 5.79680E+2
440 1.20679E+15 5.78655E+2
440 1.59986E+15 5.77365E+2
440 2.12095E+15 5.75744E+2
440 2.81177E+15 5.73709E+2
440 3.72759E+15 5.71159E+2
440 4.94171E+15 5.67973E+2
440 6.55129E+15 5.64004E+2
440 8.68511E+15 5.59076E+2
440 1.15140E+16 5.52988E+2
440 1.52642E+16 5.45510E+2
440 2.02359E+16 5.36389E+2
440 2.68270E+16 5.25359E+2
440 3.55648E+16 5.12161E+2
440 4.71487E+16 4.96568E+2
440 6.25055E+16 4.78411E+2
440 8.28643E+16 4.57634E+2
440 1.09854E+17 4.34326E+2
440 1.45635E+17 4.08747E+2
440 1.93070E+17 3.81368E+2
440 2.55955E+17 3.52794E+2
440 3.39322E+17 3.23809E+2
440 4.49843E+17 2.95173E+2
440 5.96362E+17 2.67654E+2
440 7.90604E+17 2.41918E+2
440 1.04811E+18 2.18384E+2
440 1.38950E+18 1.97352E+2
440 1.84207E+18 1.78878E+2
440 2.44205E+18 1.62886E+2
440 3.23746E+18 1.49228E+2
440 4.29193E+18 1.37680E+2
440 5.68987E+18 1.27933E+2
440 7.54312E+18 1.19769E+2
440 1.00000E+19 1.12891E+2
446 1.00000E+13 5.67016E+2
446 1.32571E+13 5.66992E+2
446 1.75751E+13 5.66963E+2
446 2.32995E+13 5.66925E+2
446 3.08884E+13 5.66878E+2
446 4.09492E+13 5.66819E+2
446 5.42868E+13 5.66743E+2
446 7.19686E+13 5.66648E+2
446 9.54095E+13 5.66528E+2
446 1.26486E+14 5.66376E+2
446 1.67683E+14 5.66184E+2
446 2.22300E+14 5.65942E+2
446 2.94705E+14 5.65637E+2
446 3.90694E+14 5.65251E+2
446 5.17947E+14 5.64764E+2
446 6.86649E+14 5.64150E+2
446 9.10298E+14 5.63377E+2
446 1.20679E+15 5.62403E+2
446 1.59986E+15 5.61178E+2
446 2.12095E+15 5.59638E+2
446 2.81177E+15 5.57706E+2
446 3.72759E+15 5.55286E+2
446 4.94171E+15 5.52262E+2
446 6.55129E+15 5.48496E+2
446 8.68511E+15 5.43821E+2
446 1.15140E+16 5.38045E+2
446 1.52642E+16 5.30948E+2
446 2.02359E+16 5.22290E+2
446 2.68270E+16 5.11813E+2
446 3.55648E+16 4.99268E+2
446 4.71487E+16 4.84430E+2
446 6.25055E+16 4.67130E+2
446 8.28643E+16 4.47300E+2
446 1.09854E+17 4.25013E+2
446 1.45635E+17 4.00495E+2
446 1.93070E+17 3.74179E+2
446 2.55955E+17 3.46645E+2
446 3.39322E+17 3.18604E+2
446 4.49843E+17 2.90837E+2
446 5.96362E+17 2.64073E+2
446 7.90604E+17 2.38945E+2
446 1.04811E+18 2.15897E+2
446 1.38950E+18 1.95240E+2
446 1.84207E+18 1.77049E+2
446 2.44205E+18 1.61311E+2
446 3.23746E+18 1.47834E+2
446 4.29193E+18 1.36407E+2
446 5.68987E+18 1.26776E+2
446 7.54312E+18 1.18685E+2
446 1.00000E+19 1.11891E+2
452 1.00000E+13 5.51238E+2
452 1.32571E+13 5.51215E+2
452 1.75751E+13 5.51187E+2
452 2.32995E+13 5.51151E+2
452 3.08884E+13 5.51106E+2
452 4.09492E+13 5.51049E+2
452 5.42868E+13 5.50977E+2
452 7.19686E+13 5.50886E+2
452 9.54095E+13 5.50772E+2
452 1.26486E+14 5.50627E+2
452 1.67683E+14 5.50444E+2
452 2.22300E+14 5.50213E+2
452 2.94705E+14 5.49922E+2
452 3.90694E+14 5.49554E+2
452 5.17947E+14 5.49091E+2
452 6.86649E+14 5.48507E+2
452 9.10298E+14 5.47771E+2
452 1.20679E+15 5.46844E+2
452 1.59986E+15 5.45679E+2
452 2.12095E+15 5.44216E+2
452 2.81177E+15 5.42380E+2
452 3.72759E+15 5.40081E+2
452 4.94171E+15 5.37210E+2
452 6.55129E+15 5.33634E+2
452 8.68511E+15 5.29195E+2
452 1.15140E+16 5.23711E+2
452 1.52642E+16 5.16971E+2
452 2.02359E+16 5.08746E+2
452 2.68270E+16 4.98790E+2
452 3.55648E+16 4.86858E+2
452 4.71487E+16 4.72729E+2
452 6.25055E+16 4.56239E+2
452 8.28643E+16 4.37306E+2
452 1.09854E+17 4.15981E+2
452 1.45635E+17 3.92476E+2
452 1.93070E+17 3.67177E+2
452 2.55955E+17 3.40631E+2
452 3.39322E+17 3.13524E+2
452 4.49843E+17 2.86587E+2
452 5.96362E+17 2.60538E+2
452 7.90604E+17 2.36003E+2
452 1.04811E+18 2.13457E+2
452 1.38950E+18 1.93172E+2
452 1.84207E+18 1.75300E+2
452 2.44205E+18 1.59775E+2
452 3.23746E+18 1.46456E+2
452 4.29193E+18 1.35169E+2
452 5.68987E+18 1.25630E+2
452 7.54312E+18 1.17633E+2
452 1.00000E+19 1.10898E+2
458 1.00000E+13 5.36128E+2
458 1.32571E+13 5.36107E+2
458 1.75751E+13 5.36080E+2
458 2.32995E+13 5.36045E+2
458 3.08884E+13 5.36002E+2
458 4.09492E+13 5.35948E+2
458 5.42868E+13 5.35879E+2
458 7.19686E+13 5.35792E+2
458 9.54095E+13 5.35682E+2
458 1.26486E+14 5.35544E+2
458 1.67683E+14 5.35369E+2
458 2.22300E+14 5.35149E+2
458 2.94705E+14 5.34871E+2
458 3.90694E+14 5.34521E+2
458 5.17947E+14 5.34079E+2
458 6.86649E+14 5.33523E+2
458 9.10298E+14 5.32822E+2
458 1.20679E+15 5.31940E+2
458 1.59986E+15 5.30832E+2
458 2.12095E+15 5.29440E+2
458 2.81177E+15 5.27694E+2
458 3.72759E+15 5.25510E+2
458 4.94171E+15 5.22781E+2
458 6.55129E+15 5.19383E+2
458 8.68511E+15 5.15165E+2
458 1.15140E+16 5.09954E+2
458 1.52642E+16 5.03550E+2
458 2.02359E+16 4.95730E+2
458 2.68270E+16 4.86262E+2
458 3.55648E+16 4.74906E+2
458 4.71487E+16 4.61448E+2
458 6.25055E+16 4.45719E+2
458 8.28643E+16 4.27633E+2
458 1.09854E+17 4.07224E+2
458 1.45635E+17 3.84682E+2
458 1.93070E+17 3.60356E+2
458 2.55955E+17 3.34759E+2
458 3.39322E+17 3.08542E+2
458 4.49843E+17 2.82422E+2
458 5.96362E+17 2.57070E+2
458 7.90604E+17 2.33115E+2
458 1.04811E+18 2.11063E+2
458 1.38950E+18 1.91145E+2
458 1.84207E+18 1.73553E+2
458 2.44205E+18 1.58255E+2
458 3.23746E+18 1.45114E+2
458 4.29193E+18 1.33965E+2
458 5.68987E+18 1.24516E+2
458 7.54312E+18 1.16590E+2
458 1.00000E+19 1.09935E+2
464 1.00000E+13 5.21650E+2
464 1.32571E+13 5.21629E+2
464 1.75751E+13 5.21603E+2
464 2.32995E+13 5.21570E+2
464 3.08884E+13 5.21529E+2
464 4.09492E+13 5.21477E+2
464 5.42868E+13 5.21411E+2
464 7.19686E+13 5.21328E+2
464 9.54095E+13 5.21223E+2
464 1.26486E+14 5.21091E+2
464 1.67683E+14 5.20924E+2
464 2.22300E+14 5.20714E+2
464 2.94705E+14 5.20448E+2
464 3.90694E+14 5.20114E+2
464 5.17947E+14 5.19693E+2
464 6.86649E+14 5.19163E+2
464 9.10298E+14 5.18495E+2
464 1.20679E+15 5.17655E+2
464 1.59986E+15 5.16600E+2
464 2.12095E+15 5.15275E+2
464 2.81177E+15 5.13614E+2
464 3.72759E+15 5.11536E+2
464 4.94171E+15 5.08941E+2
464 6.55129E+15 5.05709E+2
464 8.68511E+15 5.01699E+2
464 1.15140E+16 4.96744E+2
464 1.52642E+16 4.90654E+2
464 2.02359E+16 4.83216E+2
464 2.68270E+16 4.74205E+2
464 3.55648E+16 4.63391E+2
464 4.71487E+16 4.50564E+2
464 6.25055E+16 4.35552E+2
464 8.28643E+16 4.18271E+2
464 1.09854E+17 3.98731E+2
464 1.45635E+17 3.77102E+2
464 1.93070E+17 3.53705E+2
464 2.55955E+17 3.29026E+2
464 3.39322E+17 3.03668E+2
464 4.49843E+17 2.78324E+2
464 5.96362E+17 2.53666E+2
464 7.90604E+17 2.30302E+2
464 1.04811E+18 2.08687E+2
464 1.38950E+18 1.89159E+2
464 1.84207E+18 1.71843E+2
464 2.44205E+18 1.56780E+2
464 3.23746E+18 1.43804E+2
464 4.29193E+18 1.32772E+2
464 5.68987E+18 1.23434E+2
464 7.54312E+18 1.15578E+2
464 1.00000E+19 1.08979E+2
470 1.00000E+13 5.07767E+2
470 1.32571E+13 5.07748E+2
470 1.75751E+13 5.07723E+2
470 2.32995E+13 5.07691E+2
470 3.08884E+13 5.07652E+2
470 4.09492E+13 5.07602E+2
470 5.42868E+13 5.07539E+2
470 7.19686E+13 5.07459E+2
470 9.54095E+13 5.07359E+2
470 1.26486E+14 5.07232E+2
470 1.67683E+14 5.07073E+2
470 2.22300E+14 5.06872E+2
470 2.94705E+14 5.06619E+2
470 3.90694E+14 5.06300E+2
470 5.17947E+14 5.05898E+2
470 6.86649E+14 5.05392E+2
470 9.10298E+14 5.04755E+2
470 1.20679E+15 5.03955E+2
470 1.59986E+15 5.02949E+2
470 2.12095E+15 5.01688E+2
470 2.81177E+15 5.00106E+2
470 3.72759E+15 4.98128E+2
470 4.94171E+15 4.95658E+2
470 6.55129E+15 4.92583E+2
470 8.68511E+15 4.88768E+2
470 1.15140E+16 4.84053E+2
470 1.52642E+16 4.78258E+2
470 2.02359E+16 4.71179E+2
470 2.68270E+16 4.62597E+2
470 3.55648E+16 4.52294E+2
470 4.71487E+16 4.40061E+2
470 6.25055E+16 4.25730E+2
470 8.28643E+16 4.09204E+2
470 1.09854E+17 3.90492E+2
470 1.45635E+17 3.69735E+2
470 1.93070E+17 3.47231E+2
470 2.55955E+17 3.23427E+2
470 3.39322E+17 2.98898E+2
470 4.49843E+17 2.74308E+2
470 5.96362E+17 2.50308E+2
470 7.90604E+17 2.27498E+2
470 1.04811E+18 2.06355E+2
470 1.38950E+18 1.87209E+2
470 1.84207E+18 1.70170E+2
470 2.44205E+18 1.55312E+2
470 3.23746E+18 1.42509E+2
470 4.29193E+18 1.31610E+2
470 5.68987E+18 1.22380E+2
470 7.54312E+18 1.14594E+2
470 1.00000E+19 1.08070E+2
476 1.00000E+13 4.94450E+2
476 1.32571E+13 4.94431E+2
476 1.75751E+13 4.94407E+2
476 2.32995E+13 4.94377E+2
476 3.08884E+13 4.94339E+2
476 4.09492E+13 4.94291E+2
476 5.42868E+13 4.94230E+2
476 7.19686E+13 4.94154E+2
476 9.54095E+13 4.94058E+2
476 1.26486E+14 4.93937E+2
476 1.67683E+14 4.93785E+2
476 2.22300E+14 4.93593E+2
476 2.94705E+14 4.93351E+2
476 3.90694E+14 4.93046E+2
476 5.17947E+14 4.92662E+2
476 6.86649E+14 4.92179E+2
476 9.10298E+14 4.91572E+2
476 1.20679E+15 4.90808E+2
476 1.59986E+15 4.89850E+2
476 2.12095E+15 4.88647E+2
476 2.81177E+15 4.87140E+2
476 3.72759E+15 4.85256E+2
476 4.94171E+15 4.82904E+2
476 6.55129E+15 4.79976E+2
476 8.68511E+15 4.76343E+2
476 1.15140E+16 4.71855E+2
476 1.52642E+16 4.66336E+2
476 2.02359E+16 4.59594E+2
476 2.68270E+16 4.51418E+2
476 3.55648E+16 4.41594E+2
476 4.71487E+16 4.29922E+2
476 6.25055E+16 4.16234E+2
476 8.28643E+16 4.00426E+2
476 1.09854E+17 3.82499E+2
476 1.45635E+17 3.62571E+2
476 1.93070E+17 3.40917E+2
476 2.55955E+17 3.17952E+2
476 3.39322E+17 2.94230E+2
476 4.49843E+17 2.70382E+2
476 5.96362E+17 2.47028E+2
476 7.90604E+17 2.24763E+2
476 1.04811E+18 2.04066E+2
476 1.38950E+18 1.85270E+2
476 1.84207E+18 1.68529E+2
476 2.44205E+18 1.53877E+2
476 3.23746E+18 1.41244E+2
476 4.29193E+18 1.30460E+2
476 5.68987E+18 1.21335E+2
476 7.54312E+18 1.13636E+2
476 1.00000E+19 1.07167E+2
482 1.00000E+13 4.81666E+2
482 1.32571E+13 4.81648E+2
482 1.75751E+13 4.81625E+2
482 2.32995E+13 4.81596E+2
482 3.08884E+13 4.81559E+2
482 4.09492E+13 4.81514E+2
482 5.42868E+13 4.81456E+2
482 7.19686E+13 4.81383E+2
482 9.54095E+13 4.81291E+2
482 1.26486E+14 4.81175E+2
482 1.67683E+14 4.81029E+2
482 2.22300E+14 4.80845E+2
482 2.94705E+14 4.80614E+2
482 3.90694E+14 4.80322E+2
482 5.17947E+14 4.79956E+2
482 6.86649E+14 4.79495E+2
482 9.10298E+14 4.78915E+2
482 1.20679E+15 4.78186E+2
482 1.59986E+15 4.77272E+2
482 2.12095E+15 4.76124E+2
482 2.81177E+15 4.74688E+2
482 3.72759E+15 4.72891E+2
482 4.94171E+15 4.70650E+2
482 6.55129E+15 4.67860E+2
482 8.68511E+15 4.64400E+2
482 1.15140E+16 4.60123E+2
482 1.52642E+16 4.54865E+2
482 2.02359E+16 4.48440E+2
482 2.68270E+16 4.40645E+2
482 3.55648E+16 4.31274E+2
482 4.71487E+16 4.20132E+2
482 6.25055E+16 4.07050E+2
482 8.28643E+16 3.91926E+2
482 1.09854E+17 3.74742E+2
482 1.45635E+17 3.55606E+2
482 1.93070E+17 3.34764E+2
482 2.55955E+17 3.12611E+2
482 3.39322E+17 2.89660E+2
482 4.49843E+17 2.66510E+2
482 5.96362E+17 2.43792E+2
482 7.90604E+17 2.22076E+2
482 1.04811E+18 2.01816E+2
482 1.38950E+18 1.83367E+2
482 1.84207E+18 1.66920E+2
482 2.44205E+18 1.52473E+2
482 3.23746E+18 1.40008E+2
482 4.29193E+18 1.29339E+2
482 5.68987E+18 1.20317E+2
482 7.54312E+18 1.12686E+2
482 1.00000E+19 1.06288E+2
488 1.00000E+13 4.69388E+2
488 1.32571E+13 4.69371E+2
488 1.75751E+13 4.69349E+2
488 2.32995E+13 4.69321E+2
488 3.08884E+13 4.69286E+2
488 4.09492E+13 4.69242E+2
488 5.42868E+13 4.69186E+2
488 7.19686E+13 4.69116E+2
488 9.54095E+13 4.69028E+2
488 1.26486E+14 4.68917E+2
488 1.67683E+14 4.68778E+2
488 2.22300E+14 4.68602E+2
488 2.94705E+14 4.68380E+2
488 3.90694E+14 4.68102E+2
488 5.17947E+14 4.67751E+2
488 6.86649E+14 4.67310E+2
488 9.10298E+14 4.66756E+2
488 1.20679E+15 4.66061E+2
488 1.59986E+15 4.65187E+2
488 2.12095E+15 4.64093E+2
488 2.81177E+15 4.62722E+2
488 3.72759E+15 4.61009E+2
488 4.94171E+15 4.58871E+2
488 6.55129E+15 4.56212E+2
488 8.68511E+15 4.52912E+2
488 1.15140E+16 4.48836E+2
488 1.52642E+16 4.43823E+2
488 2.02359E+16 4.37696E+2
488 2.68270E+16 4.30260E+2
488 3.55648E+16 4.21317E+2
488 4.71487E+16 4.10673E+2
488 6.25055E+16 3.98166E+2
488 8.28643E+16 3.83688E+2
488 1.09854E+17 3.67213E+2
488 1.45635E+17 3.48829E+2
488 1.93070E+17 3.28767E+2
488 2.55955E+17 3.07388E+2
488 3.39322E+17 2.85180E+2
488 4.49843E+17 2.62725E+2
488 5.96362E+17 2.40616E+2
488 7.90604E+17 2.19418E+2
488 1.04811E+18 1.99605E+2
488 1.38950E+18 1.81499E+2
488 1.84207E+18 1.65316E+2
488 2.44205E+18 1.51097E+2
488 3.23746E+18 1.38791E+2
488 4.29193E+18 1.28244E+2
488 5.68987E+18 1.19308E+2
488 7.54312E+18 1.11760E+2
488 1.00000E+19 1.05415E+2
494 1.00000E+13 4.57590E+2
494 1.32571E+13 4.57573E+2
494 1.75751E+13 4.57552E+2
494 2.32995E+13 4.57525E+2
494 3.08884E+13 4.57492E+2
494 4.09492E+13 4.57449E+2
494 5.42868E+13 4.57396E+2
494 7.19686E+13 4.57329E+2
494 9.54095E+13 4.57244E+2
494 1.26486E+14 4.57138E+2
494 1.67683E+14 4.57004E+2
494 2.22300E+14 4.56836E+2
494 2.94705E+14 4.56624E+2
494 3.90694E+14 4.56357E+2
494 5.17947E+14 4.56022E+2
494 6.86649E+14 4.55600E+2
494 9.10298E+14 4.55071E+2
494 1.20679E+15 4.54406E+2
494 1.59986E+15 4.53572E+2
494 2.12095E+15 4.52526E+2
494 2.81177E+15 4.51218E+2
494 3.72759E+15 4.49583E+2
494 4.94171E+15 4.47543E+2
494 6.55129E+15 4.45006E+2
494 8.68511E+15 4.41859E+2
494 1.15140E+16 4.37970E+2
494 1.52642E+16 4.33188E+2
494 2.02359E+16 4.27342E+2
494 2.68270E+16 4.20246E+2
494 3.55648E+16 4.11705E+2
494 4.71487E+16 4.01534E+2
494 6.25055E+16 3.89571E+2
494 8.28643E+16 3.75703E+2
494 1.09854E+17 3.59901E+2
494 1.45635E+17 3.42239E+2
494 1.93070E+17 3.22918E+2
494 2.55955E+17 3.02287E+2
494 3.39322E+17 2.80802E+2
494 4.49843E+17 2.59012E+2
494 5.96362E+17 2.37496E+2
494 7.90604E+17 2.16807E+2
494 1.04811E+18 1.97431E+2
494 1.38950E+18 1.79663E+2
494 1.84207E+18 1.63742E+2
494 2.44205E+18 1.49723E+2
494 3.23746E+18 1.37594E+2
494 4.29193E+18 1.27175E+2
494 5.68987E+18 1.18325E+2
494 7.54312E+18 1.10858E+2
494 1.00000E+19 1.04581E+2
500 1.00000E+13 4.46246E+2
500 1.32571E+13 4.46230E+2
500 1.75751E+13 4.46210E+2
500 2.32995E+13 4.46184E+2
500 3.08884E+13 4.46152E+2
500 4.09492E+13 4.46111E+2
500 5.42868E+13 4.46060E+2
500 7.19686E+13 4.45995E+2
500 9.54095E+13 4.45914E+2
500 1.26486E+14 4.45812E+2
500 1.67683E+14 4.45684E+2
500 2.22300E+14 4.45523E+2
500 2.94705E+14 4.45320E+2
500 3.90694E+14 4.45064E+2
500 5.17947E+14 4.44743E+2
500 6.86649E+14 4.44340E+2
500 9.10298E+14 4.43834E+2
500 1.20679E+15 4.43198E+2
500 1.59986E+15 4.42401E+2
500 2.12095E+15 4.41402E+2
500 2.81177E+15 4.40152E+2
500 3.72759E+15 4.38590E+2
500 4.94171E+15 4.36643E+2
500 6.55129E+15 4.34221E+2
500 8.68511E+15 4.31217E+2
500 1.15140E+16 4.27506E+2
500 1.52642E+16 4.22942E+2
500 2.02359E+16 4.17361E+2
500 2.68270E+16 4.10583E+2
500 3.55648E+16 4.02424E+2
500 4.71487E+16 3.92699E+2
500 6.25055E+16 3.81251E+2
500 8.28643E+16 3.67965E+2
500 1.09854E+17 3.52801E+2
500 1.45635E+17 3.35828E+2
500 1.93070E+17 3.17220E+2
500 2.55955E+17 2.97299E+2
500 3.39322E+17 2.76510E+2
500 4.49843E+17 2.55362E+2
500 5.96362E+17 2.34432E+2
500 7.90604E+17 2.14241E+2
500 1.04811E+18 1.95276E+2
500 1.38950E+18 1.77859E+2
500 1.84207E+18 1.62198E+2
500 2.44205E+18 1.48401E+2
500 3.23746E+18 1.36394E+2
500 4.29193E+18 1.26116E+2
500 5.68987E+18 1.17365E+2
500 7.54312E+18 1.09979E+2
500 1.00000E+19 1.03737E+2
