T(K) Nd(cm-3) Mu(cm2/Vs)
494 1.73379E+13 5.27775E+2
397 5.75453E+18 2.34859E+2
469 1.64038E+18 2.52166E+2
269 1.99676E+18 3.44801E+2
389 3.56481E+18 2.50798E+2
340 4.83192E+18 2.62864E+2
438 5.28561E+14 6.51575E+2
373 9.27493E+18 2.34403E+2
322 1.02298E+18 3.50435E+2
387 1.94194E+15 8.11947E+2
276 1.73370E+14 1.61673E+3
271 3.28627E+14 1.66661E+3
403 1.81189E+13 7.63125E+2
438 2.56387E+13 6.53450E+2
402 1.14500E+16 7.15211E+2
485 8.40205E+18 2.02058E+2
272 8.94620E+14 1.64199E+3
415 7.26968E+18 2.23990E+2
303 5.02173E+17 4.41540E+2
360 2.93347E+17 4.59844E+2
212 1.05652E+16 2.22263E+3
477 1.50896E+18 2.53132E+2
360 2.30392E+18 2.79686E+2
431 1.41140E+17 4.67808E+2
260 2.14565E+16 1.39279E+3
283 5.28942E+18 2.92606E+2
482 5.65068E+13 5.51446E+2
230 3.18313E+13 2.37346E+3
299 4.72211E+14 1.36339E+3
295 1.50473E+17 6.74539E+2
326 1.97855E+18 3.04590E+2
236 5.78300E+17 5.02993E+2
261 1.54294E+16 1.47291E+3
331 2.53855E+16 9.20903E+2
215 5.27194E+18 3.53199E+2
472 2.61201E+18 2.33019E+2
407 1.31144E+13 7.51111E+2
452 4.88468E+18 2.21047E+2
343 1.03024E+15 1.02952E+3
244 1.37026E+15 2.02381E+3
214 9.06206E+16 1.09424E+3
302 2.22754E+13 1.34223E+3
384 5.52652E+16 6.51410E+2
226 1.18021E+17 9.32233E+2
347 9.38744E+15 9.42177E+2
486 5.26042E+18 2.10230E+2
383 6.02523E+18 2.39100E+2
282 3.38353E+17 5.26220E+2
229 1.24418E+14 2.39439E+3
293 3.41208E+16 1.04958E+3
253 2.36193E+16 1.41693E+3
241 1.05529E+17 9.22983E+2
203 1.55003E+13 3.09802E+3
467 4.28382E+18 2.20015E+2
255 4.03104E+17 5.31884E+2
308 5.02897E+16 8.95214E+2
491 5.06406E+16 4.62706E+2
213 1.26521E+14 2.79046E+3
379 1.68606E+17 5.13889E+2
227 1.39687E+18 4.15867E+2
240 4.80761E+18 3.30117E+2
456 5.67145E+18 2.16792E+2
414 7.28565E+15 6.94767E+2
475 3.51250E+17 3.46964E+2
269 1.44790E+14 1.70445E+3
437 9.64638E+16 4.95658E+2
415 3.92158E+18 2.38558E+2
414 1.79719E+18 2.67675E+2
206 8.75170E+18 3.46068E+2
259 1.04388E+18 4.02861E+2
362 8.21412E+18 2.41019E+2
279 5.13014E+13 1.57805E+3
220 5.42938E+14 2.57425E+3
367 3.31774E+16 7.53452E+2
215 1.16402E+16 2.13956E+3
409 5.46188E+18 2.31978E+2
444 4.72712E+17 3.42181E+2
385 3.83125E+13 8.34047E+2
359 5.50001E+17 3.83975E+2
425 1.67580E+17 4.57701E+2
497 1.65641E+18 2.42800E+2
283 1.23005E+14 1.52829E+3
345 1.46227E+16 9.19493E+2
450 1.48733E+18 2.63389E+2
293 2.61331E+14 1.42066E+3
301 2.84463E+18 3.02728E+2
426 3.62058E+15 6.73046E+2
474 1.32727E+16 5.37146E+2
353 3.57363E+18 2.65761E+2
204 5.39558E+14 3.02329E+3
485 9.20571E+14 5.42344E+2
262 9.06062E+17 4.13026E+2
399 1.46762E+13 7.78482E+2
290 1.29291E+13 1.46346E+3
255 2.84408E+18 3.38339E+2
405 1.18105E+16 7.04818E+2
452 2.80011E+18 2.36879E+2
239 5.95302E+14 2.16142E+3
237 5.17823E+18 3.30049E+2
317 8.55708E+15 1.11723E+3
217 1.00828E+13 2.70005E+3
304 1.36914E+17 6.78592E+2
310 1.00052E+14 1.27441E+3
371 9.86112E+15 8.33921E+2
367 1.01965E+14 9.12085E+2
348 2.86863E+13 1.01499E+3
232 2.94620E+16 1.51587E+3
385 1.01624E+18 3.13918E+2
318 5.22148E+16 8.50805E+2
323 6.81937E+16 7.81354E+2
239 7.71326E+15 1.89949E+3
450 4.90435E+13 6.23579E+2
296 2.32012E+15 1.35473E+3
396 3.61088E+18 2.47761E+2
234 5.13923E+18 3.33406E+2
495 6.07603E+13 5.24833E+2
200 2.70984E+15 2.94127E+3
412 7.21360E+18 2.25303E+2
274 3.50603E+18 3.12743E+2
408 2.95620E+17 4.13074E+2
361 1.96519E+13 9.43975E+2
210 1.03140E+16 2.28512E+3
248 9.40634E+17 4.25549E+2
389 1.52406E+18 2.86812E+2
288 1.70492E+15 1.44224E+3
473 6.90199E+13 5.68737E+2
245 5.86184E+17 4.87072E+2
352 5.93943E+15 9.38183E+2
217 6.89725E+17 5.10101E+2
233 3.55710E+17 5.92817E+2
426 2.94372E+15 6.76101E+2
476 1.17303E+17 4.30898E+2
343 6.03568E+15 9.85436E+2
307 1.01187E+18 3.62438E+2
378 2.19888E+13 8.62207E+2
487 6.23500E+18 2.06699E+2
457 8.79724E+18 2.08383E+2
386 2.03571E+18 2.73530E+2
372 5.15380E+17 3.80812E+2
394 7.50004E+14 7.91853E+2
269 9.02932E+18 2.88394E+2
265 6.45837E+18 2.99716E+2
308 4.65440E+17 4.47329E+2
269 1.28851E+16 1.43731E+3
423 1.18830E+13 6.99492E+2
416 2.89391E+14 7.19201E+2
252 1.39845E+15 1.90114E+3
261 1.68328E+16 1.44604E+3
316 2.92492E+13 1.22515E+3
406 3.60663E+16 6.37788E+2
479 2.43106E+16 5.10861E+2
267 2.00189E+18 3.46371E+2
203 6.94069E+17 5.37051E+2
259 7.02613E+14 1.82227E+3
394 5.81739E+14 7.93332E+2
434 3.68830E+13 6.66548E+2
393 3.02492E+13 8.02053E+2
257 1.05633E+18 4.03565E+2
257 1.00464E+13 1.87194E+3
415 3.81672E+14 7.21242E+2
247 4.22919E+14 2.02002E+3
394 3.87998E+16 6.62835E+2
300 5.52551E+18 2.80467E+2
363 6.09090E+16 6.89800E+2
265 1.78669E+13 1.75659E+3
363 1.22340E+18 3.12714E+2
232 3.25651E+13 2.32074E+3
370 2.62724E+14 8.95806E+2
367 1.61603E+17 5.36839E+2
398 5.30095E+16 6.23850E+2
349 1.13323E+15 9.94627E+2
451 6.84987E+16 5.03100E+2
368 5.51691E+13 9.08715E+2
247 2.24062E+17 6.72094E+2
325 1.07030E+17 6.85776E+2
468 1.46010E+17 4.22619E+2
246 2.44583E+14 2.03883E+3
203 6.71317E+17 5.41060E+2
205 1.27069E+16 2.26000E+3
306 2.33966E+15 1.27151E+3
209 1.75881E+13 2.92780E+3
266 5.80449E+15 1.58997E+3
293 2.53503E+18 3.13445E+2
280 4.69591E+17 4.75168E+2
244 4.10314E+14 2.08113E+3
456 4.28845E+15 5.94170E+2
223 2.22713E+13 2.53324E+3
300 2.25307E+18 3.14490E+2
374 1.04031E+16 8.17035E+2
467 1.79447E+18 2.48834E+2
238 7.13074E+16 1.08585E+3
467 8.46732E+17 2.88091E+2
401 3.98964E+18 2.43019E+2
468 4.60605E+16 5.01904E+2
453 8.30567E+15 5.90601E+2
424 4.98411E+17 3.49855E+2
338 7.87160E+16 7.12814E+2
342 2.22163E+16 8.92110E+2
213 3.83834E+18 3.69256E+2
440 4.72669E+14 6.47749E+2
348 9.26356E+15 9.35000E+2
375 7.16111E+13 8.77482E+2
249 1.80137E+17 7.25787E+2
345 7.63826E+14 1.01897E+3
465 8.50026E+15 5.63656E+2
385 6.19966E+17 3.54543E+2
425 2.62682E+15 6.79804E+2
211 1.08420E+17 1.02757E+3
413 7.03124E+17 3.27194E+2
294 1.51123E+16 1.20295E+3
276 5.25828E+15 1.50177E+3
363 3.81728E+14 9.28530E+2
419 9.97175E+14 7.03817E+2
349 1.55250E+16 8.93084E+2
244 2.64024E+17 6.37607E+2
454 1.37472E+16 5.76796E+2
322 3.34628E+17 4.80584E+2
380 1.86452E+18 2.80255E+2
310 1.70702E+17 6.18289E+2
264 1.92746E+18 3.50878E+2
268 2.78334E+14 1.70562E+3
204 4.14261E+14 3.03099E+3
210 3.30122E+13 2.88088E+3
459 5.54052E+14 5.99452E+2
310 1.13168E+17 7.06942E+2
278 1.12198E+18 3.77669E+2
354 7.66776E+13 9.78566E+2
280 8.45605E+17 4.02036E+2
391 4.91229E+15 7.79570E+2
487 1.75924E+13 5.40645E+2
436 1.34475E+16 6.17485E+2
288 7.35612E+14 1.46525E+3
428 7.67974E+17 3.12947E+2
384 2.24381E+16 7.36308E+2
236 3.76484E+16 1.37457E+3
243 3.24444E+13 2.11351E+3
484 7.45382E+17 2.88853E+2
265 9.41924E+14 1.72794E+3
217 6.09399E+15 2.31950E+3
232 2.53456E+17 6.72025E+2
443 3.10282E+17 3.79903E+2
398 3.50016E+16 6.59633E+2
419 4.27386E+15 6.91991E+2
242 5.40876E+18 3.23948E+2
366 2.85292E+14 9.15584E+2
488 1.12666E+13 5.39912E+2
337 5.76826E+13 1.08200E+3
269 5.72221E+15 1.56781E+3
352 9.81198E+17 3.34796E+2
284 1.45181E+18 3.52052E+2
406 2.67900E+13 7.55089E+2
379 4.05135E+18 2.50629E+2
486 7.35253E+13 5.42079E+2
444 5.03158E+14 6.36536E+2
269 4.96472E+18 3.03916E+2
414 2.88898E+13 7.27615E+2
284 5.96536E+16 9.49296E+2
322 3.34340E+16 9.18224E+2
447 1.05444E+15 6.25896E+2
227 1.23755E+17 9.10134E+2
330 1.30685E+18 3.27478E+2
219 5.57721E+16 1.30044E+3
492 1.65391E+13 5.30926E+2
483 6.34477E+17 2.99605E+2
406 1.34949E+15 7.44822E+2
266 2.30549E+14 1.73775E+3
246 5.94995E+18 3.16724E+2
383 5.17915E+18 2.42696E+2
423 2.65493E+13 6.99298E+2
452 1.71081E+17 4.26155E+2
287 3.74272E+16 1.06172E+3
445 2.83405E+15 6.23857E+2
231 7.30492E+14 2.30417E+3
301 2.79632E+15 1.30359E+3
366 9.30546E+18 2.37071E+2
426 1.55713E+16 6.37893E+2
441 6.97088E+14 6.43586E+2
288 1.14535E+15 1.45753E+3
348 1.75570E+15 9.95607E+2
480 1.22014E+14 5.54865E+2
323 8.52540E+14 1.15886E+3
499 1.60960E+18 2.43359E+2
334 2.78429E+14 1.09349E+3
473 1.16080E+14 5.69037E+2
314 7.69647E+14 1.23028E+3
438 3.93656E+15 6.40492E+2
289 3.81998E+13 1.47595E+3
431 1.02558E+18 2.91442E+2
405 1.14207E+14 7.57377E+2
273 2.29789E+15 1.58935E+3
351 1.65651E+17 5.57732E+2
337 2.05546E+16 9.19989E+2
433 1.41062E+16 6.24165E+2
233 2.05513E+18 3.78963E+2
347 2.66697E+18 2.79575E+2
468 6.14467E+15 5.63022E+2
461 2.32952E+13 5.96332E+2
238 3.47296E+17 5.88257E+2
293 1.29321E+13 1.42802E+3
481 9.69376E+13 5.53227E+2
355 8.66899E+15 9.09221E+2
384 2.55749E+16 7.25576E+2
392 5.38954E+17 3.62755E+2
236 7.28220E+15 1.94372E+3
349 1.00838E+13 1.01036E+3
463 8.16993E+16 4.73415E+2
224 2.34078E+18 3.81706E+2
273 6.73875E+14 1.63291E+3
211 7.78542E+14 2.78730E+3
332 2.66293E+14 1.10622E+3
431 1.56360E+13 6.73404E+2
418 1.51841E+16 6.58240E+2
300 5.72073E+14 1.35261E+3
227 6.38825E+16 1.19203E+3
296 1.95987E+16 1.14586E+3
447 7.95431E+18 2.12781E+2
313 4.05179E+13 1.25484E+3
411 7.68075E+15 7.02777E+2
214 7.48928E+16 1.18301E+3
386 6.69678E+15 7.89158E+2
230 4.90806E+18 3.38823E+2
479 2.17170E+13 5.56913E+2
359 7.21038E+13 9.54189E+2
456 1.61196E+18 2.57435E+2
456 1.85928E+15 6.02389E+2
398 8.08135E+16 5.78011E+2
341 6.65931E+17 3.76567E+2
361 4.28093E+14 9.37769E+2
244 5.78960E+13 2.09275E+3
292 1.08440E+13 1.44196E+3
464 2.22321E+14 5.88010E+2
326 2.09885E+14 1.15034E+3
429 1.85200E+16 6.23046E+2
474 6.85088E+17 2.98748E+2
369 5.09636E+14 9.00705E+2
267 6.53296E+18 2.97215E+2
240 2.83662E+16 1.45825E+3
218 2.92667E+14 2.63171E+3
475 9.27805E+13 5.66056E+2
418 1.02565E+18 2.97436E+2
219 6.72648E+14 2.58545E+3
378 7.31052E+16 6.29460E+2
215 2.70606E+18 3.84763E+2
389 3.97327E+16 6.71754E+2
421 2.44334E+13 7.05170E+2
248 7.21593E+13 2.02730E+3
267 3.02189E+16 1.23789E+3
280 7.23223E+18 2.85909E+2
218 4.30544E+13 2.65988E+3
365 4.57567E+15 8.89123E+2
369 5.89245E+18 2.45232E+2
228 6.87187E+13 2.42451E+3
293 9.25336E+17 3.81181E+2
462 5.32095E+16 5.02280E+2
240 6.66924E+17 4.76207E+2
204 7.85294E+14 2.99106E+3
228 2.84807E+16 1.56773E+3
358 9.84554E+18 2.39291E+2
291 9.61631E+16 7.96616E+2
355 4.34685E+15 9.34686E+2
381 9.60138E+18 2.30782E+2
493 3.13775E+13 5.28472E+2
322 5.49812E+14 1.17418E+3
384 1.64009E+18 2.85027E+2
268 5.84236E+18 2.99750E+2
311 2.26406E+16 1.03770E+3
425 2.80272E+16 6.10259E+2
375 9.83082E+13 8.75360E+2
327 1.78714E+13 1.14598E+3
478 1.36284E+15 5.53980E+2
473 2.49913E+13 5.69331E+2
369 4.06184E+18 2.54821E+2
482 2.40614E+16 5.06085E+2
258 3.86896E+17 5.35762E+2
303 1.91140E+13 1.33634E+3
474 2.49071E+17 3.74924E+2
300 1.73112E+14 1.35911E+3
215 5.83230E+16 1.30490E+3
296 1.04384E+14 1.40004E+3
323 1.53076E+13 1.17461E+3
441 1.17198E+14 6.45131E+2
375 3.22225E+16 7.31884E+2
249 9.26606E+16 9.43172E+2
280 2.99389E+14 1.56760E+3
302 4.73018E+18 2.83515E+2
420 2.01506E+15 6.96161E+2
439 3.17918E+13 6.52230E+2
479 9.88753E+17 2.74263E+2
255 1.52595E+16 1.53405E+3
434 3.41191E+14 6.64810E+2
386 9.48467E+16 5.80327E+2
419 4.12144E+15 6.92142E+2
375 1.55717E+15 8.64127E+2
384 1.18954E+15 8.27294E+2
404 1.12495E+14 7.60834E+2
294 4.56340E+13 1.41918E+3
472 1.94234E+17 3.96327E+2
457 2.00969E+14 6.04291E+2
247 2.51059E+15 1.94706E+3
471 3.77001E+16 5.06032E+2
204 8.76419E+16 1.15926E+3
428 2.76579E+15 6.71003E+2
252 6.23913E+13 1.96146E+3
310 9.79252E+16 7.40817E+2
492 6.03111E+16 4.52329E+2
478 2.03792E+13 5.59001E+2
473 3.65958E+17 3.45080E+2
227 1.34759E+16 1.90014E+3
227 1.67685E+16 1.80928E+3
458 2.68173E+16 5.43780E+2
209 2.61251E+15 2.71676E+3
404 4.18457E+14 7.56830E+2
269 3.27996E+15 1.62107E+3
293 3.28405E+15 1.36974E+3
326 4.58673E+16 8.47917E+2
342 4.73140E+15 1.00403E+3
340 1.28133E+17 6.20361E+2
326 2.22376E+18 2.98636E+2
274 5.99016E+16 9.91643E+2
450 4.23312E+16 5.35468E+2
215 2.72164E+18 3.84631E+2
419 9.76447E+18 2.17836E+2
293 2.38636E+14 1.42318E+3
294 7.39267E+18 2.76321E+2
401 1.14466E+14 7.69036E+2
481 2.64159E+15 5.45059E+2
422 3.46341E+13 6.99667E+2
372 1.41055E+14 8.89697E+2
213 1.53591E+13 2.79298E+3
352 3.29885E+15 9.58107E+2
492 3.24423E+17 3.41687E+2
243 1.77014E+13 2.11657E+3
442 3.67688E+18 2.31603E+2
227 2.59353E+13 2.43373E+3
216 6.22627E+13 2.71057E+3
499 1.06329E+15 5.14840E+2
417 5.66933E+14 7.13385E+2
421 1.74429E+14 7.03046E+2
277 3.98883E+16 1.09455E+3
479 7.16949E+17 2.93371E+2
266 5.78768E+13 1.74451E+3
481 1.76363E+17 3.95220E+2
205 4.84526E+16 1.47694E+3
426 2.59203E+13 6.89100E+2
261 1.19779E+14 1.81453E+3
344 1.87541E+17 5.47813E+2
248 3.55947E+18 3.34271E+2
288 7.32788E+16 8.77985E+2
264 1.13675E+17 8.25705E+2
228 4.26361E+18 3.46847E+2
338 1.08197E+15 1.05878E+3
266 2.56384E+13 1.75157E+3
465 4.86338E+16 5.03437E+2
484 2.11877E+13 5.46787E+2
353 1.80891E+13 9.87766E+2
400 1.60721E+13 7.74383E+2
413 5.58936E+16 5.86981E+2
475 4.85809E+13 5.64916E+2
466 9.22768E+15 5.61382E+2
407 4.77864E+16 6.12828E+2
241 2.06170E+15 2.06406E+3
409 2.18010E+13 7.42795E+2
396 1.69378E+18 2.77983E+2
351 1.54607E+16 8.84961E+2
485 4.58643E+16 4.75508E+2
412 3.76745E+14 7.31457E+2
248 3.38739E+13 2.02350E+3
371 1.21658E+16 8.22796E+2
499 3.38252E+16 4.68429E+2
444 1.25250E+14 6.37910E+2
245 1.64383E+15 1.99803E+3
337 1.35133E+17 6.16442E+2
256 5.86641E+14 1.86989E+3
463 1.31890E+13 5.91261E+2
261 2.15366E+15 1.75105E+3
366 2.01846E+13 9.20444E+2
454 2.29070E+13 6.12797E+2
228 7.34700E+15 2.06985E+3
337 6.82036E+18 2.55881E+2
368 9.50256E+18 2.35961E+2
307 6.45516E+17 4.06662E+2
248 2.67763E+16 1.41720E+3
402 1.43683E+15 7.60552E+2
446 2.89014E+18 2.37729E+2
233 8.28663E+17 4.59694E+2
273 1.01203E+16 1.44034E+3
380 1.54286E+13 8.54066E+2
329 8.58033E+17 3.60625E+2
435 8.40260E+13 6.63125E+2
433 3.30803E+16 5.83290E+2
396 3.86959E+13 7.90350E+2
264 5.53578E+13 1.76933E+3
478 1.06028E+16 5.35269E+2
216 3.99357E+14 2.68041E+3
468 3.16427E+14 5.78785E+2
334 1.20682E+15 1.08336E+3
455 1.86945E+17 4.15185E+2
392 8.98840E+13 8.05945E+2
304 4.33314E+14 1.32197E+3
333 1.08516E+13 1.10652E+3
454 6.85550E+17 3.07919E+2
379 1.23185E+14 8.57563E+2
380 5.37940E+13 8.54186E+2
480 1.02804E+16 5.31674E+2
411 4.55107E+16 6.07991E+2
358 2.81977E+17 4.67271E+2
425 2.34640E+16 6.20433E+2
276 3.46678E+13 1.62121E+3
360 2.91173E+18 2.70156E+2
323 7.64435E+18 2.59828E+2
388 1.60707E+15 8.07886E+2
306 2.78752E+18 3.00448E+2
478 1.45010E+14 5.58892E+2
284 3.28393E+13 1.52428E+3
307 3.40236E+13 1.29748E+3
386 2.52282E+13 8.28407E+2
324 4.05195E+18 2.75977E+2
406 9.76937E+16 5.42596E+2
266 1.74878E+15 1.68660E+3
350 7.20669E+17 3.62720E+2
270 5.69963E+15 1.55233E+3
497 1.17915E+14 5.22218E+2
451 1.46888E+18 2.63652E+2
484 2.16348E+17 3.77722E+2
323 1.49097E+15 1.15506E+3
337 4.41478E+15 1.03519E+3
393 5.92418E+16 6.22317E+2
402 1.27907E+13 7.66643E+2
247 8.65394E+15 1.75639E+3
252 1.18082E+14 1.94810E+3
414 1.77749E+14 7.23972E+2
270 1.76547E+18 3.51286E+2
377 7.98810E+15 8.19246E+2
433 8.56741E+16 5.12095E+2
459 9.28411E+13 5.99782E+2
464 1.13732E+18 2.72164E+2
420 2.22711E+18 2.55870E+2
494 1.37027E+15 5.22916E+2
224 2.02656E+14 2.50736E+3
284 7.28623E+14 1.51129E+3
463 9.87287E+17 2.80546E+2
479 2.58630E+17 3.67900E+2
276 7.33389E+18 2.88231E+2
202 1.58034E+13 3.15293E+3
259 2.51860E+14 1.84187E+3
309 1.48287E+13 1.28435E+3
275 1.10180E+14 1.62973E+3
459 2.24354E+17 3.95738E+2
419 5.41146E+16 5.76728E+2
377 5.53345E+13 8.67025E+2
277 9.83799E+15 1.40526E+3
205 1.92934E+17 8.25972E+2
395 8.08493E+15 7.53265E+2
282 9.83675E+15 1.36464E+3
343 9.17955E+18 2.46988E+2
481 8.89953E+16 4.44518E+2
450 1.29385E+14 6.23408E+2
209 2.02773E+14 2.89972E+3
230 9.84436E+18 3.17557E+2
243 8.84342E+14 2.06350E+3
431 5.00021E+15 6.53280E+2
454 9.05617E+18 2.08993E+2
387 1.00842E+17 5.71298E+2
440 3.87592E+15 6.34319E+2
433 2.86397E+15 6.57265E+2
289 6.87925E+14 1.45663E+3
337 1.77477E+13 1.08051E+3
220 2.08457E+16 1.80526E+3
348 1.79174E+14 1.00958E+3
376 3.80521E+16 7.11148E+2
456 1.41911E+17 4.38028E+2
292 3.28768E+13 1.44349E+3
426 1.13334E+14 6.89768E+2
321 1.10158E+16 1.06778E+3
246 3.22827E+18 3.40717E+2
229 4.67822E+14 2.37582E+3
408 2.09027E+16 6.70931E+2
371 1.46981E+14 8.95284E+2
297 1.18342E+16 1.21578E+3
210 8.45670E+14 2.81340E+3
272 5.94078E+17 4.51604E+2
356 1.68838E+17 5.46311E+2
453 3.24419E+13 6.14559E+2
313 1.05478E+16 1.12342E+3
461 3.51494E+15 5.85995E+2
381 2.71526E+15 8.32612E+2
460 5.43172E+18 2.16561E+2
345 3.80155E+15 9.95719E+2
407 4.94519E+15 7.25824E+2
246 8.42472E+15 1.77071E+3
413 4.06646E+16 6.12337E+2
219 6.05987E+14 2.59682E+3
453 1.25330E+15 6.09771E+2
331 1.35942E+16 9.93242E+2
402 1.07912E+17 5.37563E+2
277 2.68646E+14 1.59713E+3
265 5.34724E+16 1.06905E+3
303 3.29248E+13 1.33734E+3
241 2.49577E+16 1.50689E+3
352 2.28061E+17 5.04566E+2
334 1.95312E+18 3.00866E+2
483 4.80091E+15 5.35738E+2
498 2.60575E+16 4.77933E+2
278 1.76696E+13 1.59919E+3
283 1.76774E+16 1.25378E+3
451 7.23171E+14 6.17038E+2
320 2.15878E+16 9.95944E+2
337 6.17799E+17 3.87845E+2
258 1.62011E+13 1.86696E+3
292 6.02931E+16 9.16992E+2
444 3.23337E+14 6.36447E+2
460 1.77758E+16 5.55409E+2
312 5.10231E+16 8.77694E+2
288 8.05719E+15 1.33648E+3
311 2.34206E+13 1.27149E+3
266 2.38582E+15 1.67282E+3
494 2.17064E+17 3.69133E+2
259 1.10876E+13 1.84424E+3
364 5.53476E+15 8.85519E+2
240 5.26110E+17 5.10113E+2
418 1.87880E+18 2.64172E+2
338 2.17989E+15 1.04967E+3
253 3.69812E+18 3.28484E+2
465 1.97726E+14 5.85569E+2
433 1.49770E+14 6.66754E+2
495 4.23450E+18 2.12846E+2
416 9.39428E+15 6.80809E+2
490 4.34926E+13 5.35299E+2
490 2.78256E+15 5.27902E+2
307 1.53352E+14 1.29444E+3
474 5.42244E+17 3.14928E+2
343 1.69679E+17 5.65299E+2
291 7.51827E+15 1.31808E+3
469 6.91880E+13 5.78194E+2
399 1.28316E+17 5.20915E+2
294 1.98451E+13 1.42511E+3
447 4.75480E+17 3.39750E+2
345 2.83300E+15 1.00389E+3
296 1.09223E+16 1.23939E+3
250 9.83313E+18 3.00380E+2
417 7.24771E+17 3.22895E+2
270 6.10250E+16 1.00274E+3
259 5.45025E+17 4.78869E+2
306 8.66878E+14 1.29043E+3
445 1.03181E+16 6.03444E+2
492 5.52107E+17 3.04384E+2
339 4.37171E+16 8.08934E+2
333 1.43046E+18 3.19243E+2
298 2.79061E+13 1.38685E+3
359 9.46943E+16 6.33082E+2
294 5.58563E+15 1.32547E+3
408 2.32730E+17 4.39506E+2
481 5.06396E+15 5.39143E+2
446 7.64784E+14 6.29858E+2
332 2.07370E+17 5.46516E+2
295 4.66726E+16 9.67374E+2
267 2.96566E+14 1.72361E+3
430 9.17659E+16 5.10322E+2
461 9.07369E+16 4.67752E+2
362 3.84790E+13 9.38854E+2
301 6.83008E+14 1.34456E+3
210 3.58860E+13 2.88910E+3
215 1.20886E+13 2.75172E+3
347 3.09306E+13 1.01810E+3
210 8.42283E+17 4.96906E+2
362 9.05505E+13 9.35365E+2
285 5.48051E+13 1.51205E+3
467 2.58413E+14 5.81275E+2
203 8.85152E+18 3.49045E+2
452 8.10817E+14 6.13902E+2
345 6.58499E+16 7.26653E+2
368 1.61159E+16 8.16092E+2
367 3.65753E+14 9.08119E+2
278 2.87325E+17 5.63221E+2
261 4.34698E+17 5.11854E+2
419 1.29042E+18 2.82916E+2
351 4.67584E+13 9.98352E+2
463 1.57718E+14 5.90573E+2
206 7.88005E+13 3.01326E+3
257 4.60594E+16 1.16024E+3
347 3.46155E+15 9.85456E+2
297 7.56234E+18 2.74160E+2
261 1.01537E+14 1.81861E+3
263 1.02667E+16 1.53481E+3
370 2.18539E+15 8.79596E+2
310 2.50472E+18 3.02951E+2
412 6.35005E+18 2.27696E+2
295 3.82912E+14 1.40601E+3
224 1.06943E+13 2.50035E+3
298 1.46683E+15 1.35528E+3
343 4.19371E+18 2.65547E+2
452 1.37640E+16 5.80651E+2
464 4.23244E+13 5.89148E+2
292 6.88852E+15 1.32081E+3
216 5.80786E+17 5.36245E+2
295 1.57388E+17 6.64118E+2
453 7.15755E+18 2.13065E+2
268 2.70579E+14 1.71460E+3
355 2.07645E+14 9.70282E+2
401 6.84459E+18 2.30002E+2
413 1.44741E+16 6.75102E+2
400 6.56386E+17 3.40015E+2
414 2.35611E+13 7.27171E+2
264 7.34810E+14 1.74475E+3
268 1.28682E+13 1.72023E+3
363 3.75192E+17 4.24465E+2
443 3.97865E+13 6.41649E+2
345 2.43940E+16 8.67093E+2
383 1.42909E+15 8.30517E+2
371 1.72444E+16 7.99200E+2
250 1.61993E+15 1.92470E+3
456 5.10275E+16 5.15484E+2
294 6.07179E+18 2.81348E+2
364 7.98413E+17 3.44305E+2
353 1.91212E+13 9.85986E+2
495 4.45608E+16 4.62729E+2
234 1.07774E+14 2.28048E+3
342 1.66719E+13 1.04822E+3
326 2.97400E+18 2.85881E+2
226 1.65888E+14 2.45649E+3
351 2.44084E+14 9.91997E+2
332 5.79818E+18 2.61754E+2
243 1.26494E+15 2.05484E+3
494 4.65711E+18 2.10921E+2
323 1.12061E+18 3.42862E+2
311 5.59990E+14 1.25698E+3
407 3.99374E+18 2.40591E+2
493 8.05416E+16 4.36198E+2
261 3.80236E+14 1.80785E+3
364 1.46768E+15 9.16128E+2
285 2.25709E+16 1.18898E+3
372 2.04594E+18 2.79367E+2
211 8.34386E+18 3.41185E+2
489 1.84013E+18 2.40731E+2
225 7.87951E+13 2.47306E+3
489 7.96335E+15 5.18483E+2
351 6.16897E+18 2.51489E+2
349 2.56178E+17 4.90891E+2
275 3.20498E+18 3.16290E+2
305 7.70479E+13 1.31788E+3
372 2.80361E+15 8.66383E+2
460 2.09514E+18 2.44889E+2
288 1.41848E+14 1.47649E+3
222 3.94071E+13 2.55904E+3
466 6.97995E+13 5.84999E+2
328 4.98228E+14 1.13370E+3
433 6.78448E+17 3.19383E+2
369 5.93688E+17 3.69056E+2
296 1.37076E+16 1.20819E+3
432 1.55278E+18 2.67990E+2
285 1.88670E+13 1.51932E+3
226 1.82327E+17 7.82226E+2
468 3.87519E+18 2.22325E+2
244 6.00903E+16 1.12747E+3
417 1.07391E+14 7.14752E+2
296 1.10277E+14 1.39939E+3
494 6.78477E+17 2.90304E+2
399 3.14760E+17 4.13876E+2
491 8.25529E+15 5.15529E+2
420 4.72251E+14 7.04386E+2
447 3.29110E+14 6.29583E+2
305 3.63323E+17 4.86879E+2
425 7.19890E+18 2.21142E+2
433 1.21086E+18 2.80796E+2
311 2.15210E+14 1.26753E+3
495 6.91638E+17 2.88564E+2
476 1.22669E+16 5.34727E+2
467 5.54187E+15 5.67376E+2
325 2.49048E+14 1.15625E+3
433 5.45290E+18 2.24244E+2
500 5.51091E+16 4.46975E+2
295 1.69162E+16 1.17762E+3
224 1.06255E+17 9.83770E+2
449 2.59698E+16 5.63324E+2
211 6.24840E+17 5.35723E+2
424 1.35916E+16 6.46472E+2
364 7.70716E+16 6.54284E+2
328 2.59806E+17 5.13491E+2
439 2.60851E+15 6.42113E+2
424 2.39545E+13 6.95117E+2
254 3.20910E+15 1.81704E+3
242 4.40575E+17 5.37152E+2
271 4.54075E+13 1.67879E+3
206 7.72406E+14 2.94745E+3
470 1.48742E+15 5.71646E+2
419 5.47407E+17 3.44871E+2
298 3.49992E+18 2.96454E+2
342 4.27547E+14 1.04170E+3
470 1.58981E+16 5.40107E+2
464 6.31559E+14 5.87608E+2
244 3.40675E+17 5.81255E+2
233 1.14307E+14 2.29897E+3
401 3.82509E+17 3.91563E+2
419 3.26340E+18 2.42499E+2
300 2.17892E+16 1.10676E+3
411 7.87203E+18 2.23835E+2
296 9.96761E+14 1.38055E+3
269 4.26719E+13 1.70259E+3
438 1.40012E+13 6.54109E+2
296 2.11591E+18 3.20252E+2
272 1.65480E+14 1.65800E+3
288 6.82183E+18 2.81988E+2
437 1.55129E+18 2.65982E+2
387 3.39663E+18 2.53019E+2
216 7.40400E+17 5.01531E+2
434 9.53464E+13 6.65305E+2
284 5.17134E+16 9.88373E+2
206 4.24162E+16 1.55200E+3
465 3.78842E+15 5.76439E+2
283 5.06151E+17 4.60983E+2
382 1.97655E+13 8.45283E+2
376 9.13233E+16 6.04427E+2
482 3.12103E+13 5.51357E+2
411 2.62185E+15 7.22603E+2
345 3.67183E+13 1.02853E+3
453 6.05958E+17 3.17723E+2
327 1.51696E+13 1.14648E+3
416 4.64728E+13 7.19657E+2
291 1.88844E+15 1.41351E+3
291 2.00798E+16 1.17323E+3
418 7.71615E+17 3.17486E+2
487 7.38541E+16 4.48577E+2
422 5.89478E+14 6.97414E+2
462 1.30124E+14 5.92678E+2
486 1.55586E+18 2.48802E+2
212 2.67395E+16 1.76482E+3
409 6.40084E+16 5.81120E+2
210 9.86314E+16 1.07468E+3
429 1.05213E+17 4.99751E+2
337 1.67313E+16 9.43706E+2
358 5.83525E+17 3.77824E+2
452 1.19746E+17 4.57984E+2
351 1.11845E+16 9.10561E+2
262 2.99056E+16 1.27422E+3
381 1.73382E+16 7.64612E+2
427 2.59501E+17 4.10309E+2
405 2.85488E+17 4.19896E+2
284 9.51944E+15 1.35095E+3
248 9.49710E+14 1.97479E+3
284 7.67362E+14 1.50276E+3
420 1.21495E+17 4.98054E+2
483 5.20850E+14 5.46785E+2
351 1.69757E+14 9.92557E+2
315 3.24549E+13 1.23713E+3
228 8.99955E+18 3.21334E+2
452 7.12470E+16 4.97953E+2
342 2.79403E+14 1.04501E+3
429 1.33746E+14 6.79839E+2
385 1.42866E+17 5.27866E+2
472 1.23271E+16 5.43243E+2
277 2.30074E+16 1.24092E+3
477 2.67271E+16 5.10954E+2
280 1.31286E+17 7.42080E+2
225 2.59867E+17 6.82813E+2
352 2.84041E+18 2.74717E+2
213 2.50997E+15 2.60345E+3
243 1.82535E+18 3.75890E+2
461 1.58903E+17 4.23395E+2
429 5.90231E+17 3.32762E+2
405 1.32136E+16 7.01157E+2
445 1.01582E+18 2.86219E+2
399 5.10423E+13 7.78252E+2
259 1.39856E+14 1.84290E+3
282 8.58193E+18 2.80278E+2
494 1.50283E+13 5.27290E+2
477 8.66111E+17 2.82613E+2
399 5.90089E+17 3.50164E+2
336 9.92465E+16 6.76344E+2
320 5.79736E+16 8.25227E+2
244 7.50378E+16 1.04165E+3
219 1.44543E+18 4.23557E+2
253 1.63048E+18 3.72693E+2
256 1.17818E+18 3.94823E+2
395 1.26572E+15 7.84877E+2
209 3.00551E+16 1.72892E+3
405 3.35448E+13 7.56860E+2
317 1.73647E+18 3.17326E+2
254 6.08672E+16 1.07222E+3
470 1.77190E+13 5.75204E+2
271 3.99027E+17 5.12519E+2
465 1.36558E+15 5.82187E+2
296 1.08315E+14 1.40239E+3
213 2.72974E+17 6.98690E+2
408 7.45931E+13 7.47585E+2
374 4.19096E+15 8.52354E+2
411 4.49195E+17 3.67997E+2
337 8.00474E+16 7.13223E+2
467 9.34646E+13 5.83017E+2
484 1.60983E+15 5.41374E+2
221 1.72187E+16 1.87598E+3
408 1.74727E+18 2.71347E+2
450 3.32078E+15 6.10548E+2
456 1.13852E+17 4.56920E+2
232 4.69069E+13 2.33184E+3
236 9.60050E+17 4.38066E+2
413 2.10432E+14 7.27954E+2
409 2.48110E+18 2.55684E+2
231 9.87994E+18 3.16136E+2
336 1.48320E+13 1.08614E+3
409 7.90530E+16 5.59580E+2
465 1.86598E+18 2.47723E+2
333 4.28747E+18 2.69905E+2
388 2.15322E+15 8.07074E+2
380 2.60686E+17 4.54964E+2
375 5.06328E+16 6.82593E+2
460 1.02694E+15 5.93674E+2
492 6.30878E+13 5.30978E+2
287 9.94849E+16 7.98467E+2
446 1.60012E+17 4.38262E+2
381 3.55919E+17 4.15835E+2
415 2.62286E+14 7.21203E+2
490 2.44481E+13 5.34685E+2
462 4.60416E+14 5.93250E+2
273 1.05699E+16 1.43083E+3
431 4.30157E+15 6.56663E+2
267 1.02127E+15 1.69741E+3
491 4.24816E+16 4.70134E+2
351 1.96932E+14 9.91865E+2
455 8.76254E+17 2.91142E+2
478 2.42066E+13 5.59186E+2
300 8.79614E+13 1.36157E+3
421 2.70486E+16 6.22410E+2
473 5.37054E+18 2.13142E+2
472 8.68597E+15 5.48719E+2
347 5.94516E+14 1.01186E+3
286 1.58978E+13 1.50480E+3
463 2.97280E+16 5.30646E+2
343 1.50828E+13 1.04278E+3
480 9.83635E+15 5.32547E+2
397 8.36923E+16 5.74914E+2
411 2.11164E+18 2.61731E+2
419 1.72539E+18 2.67595E+2
222 9.06013E+13 2.56380E+3
346 5.15544E+18 2.58466E+2
420 1.17255E+15 7.02546E+2
408 6.35404E+16 5.84033E+2
354 4.46928E+18 2.58683E+2
296 1.24372E+18 3.54301E+2
314 2.85545E+13 1.24601E+3
275 2.64129E+13 1.62735E+3
390 1.58925E+17 5.07593E+2
269 9.80751E+16 8.55273E+2
236 8.02604E+17 4.59485E+2
474 1.47793E+18 2.55165E+2
345 6.01794E+18 2.54712E+2
265 1.21450E+14 1.75825E+3
436 3.88286E+15 6.43896E+2
314 5.07486E+15 1.17061E+3
500 7.31808E+18 2.00609E+2
329 3.57508E+17 4.63248E+2
260 7.82521E+18 2.97837E+2
478 4.96787E+18 2.13672E+2
354 7.76060E+14 9.70265E+2
265 1.54866E+16 1.43421E+3
224 1.75291E+15 2.41350E+3
374 4.14852E+13 8.79460E+2
380 1.83569E+13 8.55282E+2
487 7.69352E+16 4.45335E+2
286 2.06806E+16 1.20347E+3
246 8.53763E+14 2.01377E+3
263 5.78754E+15 1.62771E+3
423 3.13876E+16 6.08180E+2
317 4.12992E+14 1.21313E+3
212 4.29305E+17 5.99132E+2
243 1.99723E+15 2.01957E+3
452 1.19774E+16 5.84507E+2
355 2.75668E+15 9.48619E+2
455 1.51269E+16 5.70409E+2
443 1.18752E+13 6.40342E+2
493 3.17883E+17 3.42714E+2
361 1.60277E+18 2.97023E+2
460 6.19360E+17 3.12454E+2
296 1.21423E+15 1.37647E+3
333 2.77267E+14 1.09866E+3
366 1.42195E+13 9.17821E+2
284 1.33926E+14 1.52114E+3
462 1.05980E+14 5.94608E+2
206 5.50887E+13 3.01549E+3
411 2.73817E+17 4.19305E+2
283 2.14133E+13 1.53927E+3
342 3.62591E+16 8.27419E+2
401 1.38750E+15 7.64285E+2
280 3.78626E+18 3.05477E+2
471 2.91068E+18 2.29659E+2
486 9.11183E+13 5.42396E+2
231 2.56938E+15 2.21353E+3
234 1.96496E+17 7.37107E+2
433 2.00727E+18 2.55612E+2
290 1.34512E+16 1.25029E+3
237 6.50862E+18 3.22745E+2
327 5.09038E+13 1.14742E+3
372 3.26074E+14 8.85507E+2
293 9.87733E+16 7.84680E+2
431 9.82566E+17 2.94209E+2
423 8.51000E+14 6.92095E+2
308 1.60211E+13 1.29053E+3
360 1.90241E+17 5.22347E+2
297 1.56094E+17 6.63119E+2
310 1.04502E+16 1.14119E+3
415 7.12623E+16 5.58902E+2
