T(K) Nd(cm-3) Mu(cm2/Vs)
200 1.00000E+13 5.01846E+14
200 1.32571E+13 5.01846E+14
200 1.75751E+13 5.01846E+14
200 2.32995E+13 5.01846E+14
200 3.08884E+13 5.01846E+14
200 4.09492E+13 5.01846E+14
200 5.42868E+13 5.01846E+14
200 7.19686E+13 5.01846E+14
200 9.54095E+13 5.01846E+14
200 1.26486E+14 5.01846E+14
200 1.67683E+14 5.01846E+14
200 2.22300E+14 5.01846E+14
200 2.94705E+14 5.01846E+14
200 3.90694E+14 5.01846E+14
200 5.17947E+14 5.01846E+14
200 6.86649E+14 5.01846E+14
200 9.10298E+14 5.01846E+14
200 1.20679E+15 5.01846E+14
200 1.59986E+15 5.01846E+14
200 2.12095E+15 5.01846E+14
200 2.81177E+15 5.01846E+14
200 3.72759E+15 5.01846E+14
200 4.94171E+15 5.01846E+14
200 6.55129E+15 5.01846E+14
200 8.68511E+15 5.01846E+14
200 1.15140E+16 5.01846E+14
200 1.52642E+16 5.01846E+14
200 2.02359E+16 5.01846E+14
200 2.68270E+16 5.01846E+14
200 3.55648E+16 5.01846E+14
200 4.71487E+16 5.01846E+14
200 6.25055E+16 5.01846E+14
200 8.28643E+16 5.01846E+14
200 1.09854E+17 5.01846E+14
200 1.45635E+17 5.01846E+14
200 1.93070E+17 5.01846E+14
200 2.55955E+17 5.01846E+14
200 3.39322E+17 5.01846E+14
200 4.49843E+17 5.01846E+14
200 5.96362E+17 5.01846E+14
200 7.90604E+17 5.01846E+14
200 1.04811E+18 5.01846E+14
200 1.38950E+18 5.01846E+14
200 1.84207E+18 5.01846E+14
200 2.44205E+18 5.01846E+14
200 3.23746E+18 5.01846E+14
200 4.29193E+18 5.01846E+14
200 5.68987E+18 5.01846E+14
200 7.54312E+18 5.01846E+14
200 1.00000E+19 5.01846E+14
206 1.00000E+13 1.87494E+14
206 1.32571E+13 1.87494E+14
206 1.75751E+13 1.87494E+14
206 2.32995E+13 1.87494E+14
206 3.08884E+13 1.87494E+14
206 4.09492E+13 1.87494E+14
206 5.42868E+13 1.87494E+14
206 7.19686E+13 1.87494E+14
206 9.54095E+13 1.87494E+14
206 1.26486E+14 1.87494E+14
206 1.67683E+14 1.87494E+14
206 2.22300E+14 1.87494E+14
206 2.94705E+14 1.87494E+14
206 3.90694E+14 1.87494E+14
206 5.17947E+14 1.87494E+14
206 6.86649E+14 1.87494E+14
206 9.10298E+14 1.87494E+14
206 1.20679E+15 1.87494E+14
206 1.59986E+15 1.87494E+14
206 2.12095E+15 1.87494E+14
206 2.81177E+15 1.87494E+14
206 3.72759E+15 1.87494E+14
206 4.94171E+15 1.87494E+14
206 6.55129E+15 1.87494E+14
206 8.68511E+15 1.87494E+14
206 1.15140E+16 1.87494E+14
206 1.52642E+16 1.87494E+14
206 2.02359E+16 1.87494E+14
206 2.68270E+16 1.87494E+14
206 3.55648E+16 1.87494E+14
206 4.71487E+16 1.87494E+14
206 6.25055E+16 1.87494E+14
206 8.28643E+16 1.87494E+14
206 1.09854E+17 1.87494E+14
206 1.45635E+17 1.87494E+14
206 1.93070E+17 1.87494E+14
206 2.55955E+17 1.87494E+14
206 3.39322E+17 1.87494E+14
206 4.49843E+17 1.87494E+14
206 5.96362E+17 1.87494E+14
206 7.90604E+17 1.87494E+14
206 1.04811E+18 1.87494E+14
206 1.38950E+18 1.87494E+14
206 1.84207E+18 1.87494E+14
206 2.44205E+18 1.87494E+14
206 3.23746E+18 1.87494E+14
206 4.29193E+18 1.87494E+14
206 5.68987E+18 1.87494E+14
206 7.54312E+18 1.87494E+14
206 1.00000E+19 1.87494E+14
212 1.00000E+13 7.40529E+13
212 1.32571E+13 7.40529E+13
212 1.75751E+13 7.40529E+13
212 2.32995E+13 7.40529E+13
212 3.08884E+13 7.40529E+13
212 4.09492E+13 7.40529E+13
212 5.42868E+13 7.40529E+13
212 7.19686E+13 7.40529E+13
212 9.54095E+13 7.40529E+13
212 1.26486E+14 7.40529E+13
212 1.67683E+14 7.40529E+13
212 2.22300E+14 7.40529E+13
212 2.94705E+14 7.40529E+13
212 3.90694E+14 7.40529E+13
212 5.17947E+14 7.40529E+13
212 6.86649E+14 7.40529E+13
212 9.10298E+14 7.40529E+13
212 1.20679E+15 7.40529E+13
212 1.59986E+15 7.40529E+13
212 2.12095E+15 7.40529E+13
212 2.81177E+15 7.40529E+13
212 3.72759E+15 7.40529E+13
212 4.94171E+15 7.40529E+13
212 6.55129E+15 7.40529E+13
212 8.68511E+15 7.40529E+13
212 1.15140E+16 7.40529E+13
212 1.52642E+16 7.40529E+13
212 2.02359E+16 7.40529E+13
212 2.68270E+16 7.40529E+13
212 3.55648E+16 7.40529E+13
212 4.71487E+16 7.40529E+13
212 6.25055E+16 7.40529E+13
212 8.28643E+16 7.40529E+13
212 1.09854E+17 7.40529E+13
212 1.45635E+17 7.40529E+13
212 1.93070E+17 7.40529E+13
212 2.55955E+17 7.40529E+13
212 3.39322E+17 7.40529E+13
212 4.49843E+17 7.40529E+13
212 5.96362E+17 7.40529E+13
212 7.90604E+17 7.40529E+13
212 1.04811E+18 7.40529E+13
212 1.38950E+18 7.40529E+13
212 1.84207E+18 7.40529E+13
212 2.44205E+18 7.40529E+13
212 3.23746E+18 7.40529E+13
212 4.29193E+18 7.40529E+13
212 5.68987E+18 7.40529E+13
212 7.54312E+18 7.40529E+13
212 1.00000E+19 7.40529E+13
218 1.00000E+13 3.07783E+13
218 1.32571E+13 3.07783E+13
218 1.75751E+13 3.07783E+13
218 2.32995E+13 3.07783E+13
218 3.08884E+13 3.07783E+13
218 4.09492E+13 3.07783E+13
218 5.42868E+13 3.07783E+13
218 7.19686E+13 3.07783E+13
218 9.54095E+13 3.07783E+13
218 1.26486E+14 3.07783E+13
218 1.67683E+14 3.07783E+13
218 2.22300E+14 3.07783E+13
218 2.94705E+14 3.07783E+13
218 3.90694E+14 3.07783E+13
218 5.17947E+14 3.07783E+13
218 6.86649E+14 3.07783E+13
218 9.10298E+14 3.07783E+13
218 1.20679E+15 3.07783E+13
218 1.59986E+15 3.07783E+13
218 2.12095E+15 3.07783E+13
218 2.81177E+15 3.07783E+13
218 3.72759E+15 3.07783E+13
218 4.94171E+15 3.07783E+13
218 6.55129E+15 3.07783E+13
218 8.68511E+15 3.07783E+13
218 1.15140E+16 3.07783E+13
218 1.52642E+16 3.07783E+13
218 2.02359E+16 3.07783E+13
218 2.68270E+16 3.07783E+13
218 3.55648E+16 3.07783E+13
218 4.71487E+16 3.07783E+13
218 6.25055E+16 3.07783E+13
218 8.28643E+16 3.07783E+13
218 1.09854E+17 3.07783E+13
218 1.45635E+17 3.07783E+13
218 1.93070E+17 3.07783E+13
218 2.55955E+17 3.07783E+13
218 3.39322E+17 3.07783E+13
218 4.49843E+17 3.07783E+13
218 5.96362E+17 3.07783E+13
218 7.90604E+17 3.07783E+13
218 1.04811E+18 3.07783E+13
218 1.38950E+18 3.07783E+13
218 1.84207E+18 3.07783E+13
218 2.44205E+18 3.07783E+13
218 3.23746E+18 3.07783E+13
218 4.29193E+18 3.07783E+13
218 5.68987E+18 3.07783E+13
218 7.54312E+18 3.07783E+13
218 1.00000E+19 3.07783E+13
224 1.00000E+13 1.34066E+13
224 1.32571E+13 1.34066E+13
224 1.75751E+13 1.34066E+13
224 2.32995E+13 1.34066E+13
224 3.08884E+13 1.34066E+13
224 4.09492E+13 1.34066E+13
224 5.42868E+13 1.34066E+13
224 7.19686E+13 1.34066E+13
224 9.54095E+13 1.34066E+13
224 1.26486E+14 1.34066E+13
224 1.67683E+14 1.34066E+13
224 2.22300E+14 1.34066E+13
224 2.94705E+14 1.34066E+13
224 3.90694E+14 1.34066E+13
224 5.17947E+14 1.34066E+13
224 6.86649E+14 1.34066E+13
224 9.10298E+14 1.34066E+13
224 1.20679E+15 1.34066E+13
224 1.59986E+15 1.34066E+13
224 2.12095E+15 1.34066E+13
224 2.81177E+15 1.34066E+13
224 3.72759E+15 1.34066E+13
224 4.94171E+15 1.34066E+13
224 6.55129E+15 1.34066E+13
224 8.68511E+15 1.34066E+13
224 1.15140E+16 1.34066E+13
224 1.52642E+16 1.34066E+13
224 2.02359E+16 1.34066E+13
224 2.68270E+16 1.34066E+13
224 3.55648E+16 1.34066E+13
224 4.71487E+16 1.34066E+13
224 6.25055E+16 1.34066E+13
224 8.28643E+16 1.34066E+13
224 1.09854E+17 1.34066E+13
224 1.45635E+17 1.34066E+13
224 1.93070E+17 1.34066E+13
224 2.55955E+17 1.34066E+13
224 3.39322E+17 1.34066E+13
224 4.49843E+17 1.34066E+13
224 5.96362E+17 1.34066E+13
224 7.90604E+17 1.34066E+13
224 1.04811E+18 1.34066E+13
224 1.38950E+18 1.34066E+13
224 1.84207E+18 1.34066E+13
224 2.44205E+18 1.34066E+13
224 3.23746E+18 1.34066E+13
224 4.29193E+18 1.34066E+13
224 5.68987E+18 1.34066E+13
224 7.54312E+18 1.34066E+13
224 1.00000E+19 1.34066E+13
230 1.00000E+13 6.09785E+12
230 1.32571E+13 6.09785E+12
230 1.75751E+13 6.09785E+12
230 2.32995E+13 6.09785E+12
230 3.08884E+13 6.09785E+12
230 4.09492E+13 6.09785E+12
230 5.42868E+13 6.09785E+12
230 7.19686E+13 6.09785E+12
230 9.54095E+13 6.09785E+12
230 1.26486E+14 6.09785E+12
230 1.67683E+14 6.09785E+12
230 2.22300E+14 6.09785E+12
230 2.94705E+14 6.09785E+12
230 3.90694E+14 6.09785E+12
230 5.17947E+14 6.09785E+12
230 6.86649E+14 6.09785E+12
230 9.10298E+14 6.09785E+12
230 1.20679E+15 6.09785E+12
230 1.59986E+15 6.09785E+12
230 2.12095E+15 6.09785E+12
230 2.81177E+15 6.09785E+12
230 3.72759E+15 6.09785E+12
230 4.94171E+15 6.09785E+12
230 6.55129E+15 6.09785E+12
230 8.68511E+15 6.09785E+12
230 1.15140E+16 6.09785E+12
230 1.52642E+16 6.09785E+12
230 2.02359E+16 6.09785E+12
230 2.68270E+16 6.09785E+12
230 3.55648E+16 6.09785E+12
230 4.71487E+16 6.09785E+12
230 6.25055E+16 6.09785E+12
230 8.28643E+16 6.09785E+12
230 1.09854E+17 6.09785E+12
230 1.45635E+17 6.09785E+12
230 1.93070E+17 6.09785E+12
230 2.55955E+17 6.09785E+12
230 3.39322E+17 6.09785E+12
230 4.49843E+17 6.09785E+12
230 5.96362E+17 6.09785E+12
230 7.90604E+17 6.09785E+12
230 1.04811E+18 6.09785E+12
230 1.38950E+18 6.09785E+12
230 1.84207E+18 6.09785E+12
230 2.44205E+18 6.09785E+12
230 3.23746E+18 6.09785E+12
230 4.29193E+18 6.09785E+12
230 5.68987E+18 6.09785E+12
230 7.54312E+18 6.09785E+12
230 1.00000E+19 6.09785E+12
236 1.00000E+13 2.88661E+12
236 1.32571E+13 2.88661E+12
236 1.75751E+13 2.88661E+12
236 2.32995E+13 2.88661E+12
236 3.08884E+13 2.88661E+12
236 4.09492E+13 2.88661E+12
236 5.42868E+13 2.88661E+12
236 7.19686E+13 2.88661E+12
236 9.54095E+13 2.88661E+12
236 1.26486E+14 2.88661E+12
236 1.67683E+14 2.88661E+12
236 2.22300E+14 2.88661E+12
236 2.94705E+14 2.88661E+12
236 3.90694E+14 2.88661E+12
236 5.17947E+14 2.88661E+12
236 6.86649E+14 2.88661E+12
236 9.10298E+14 2.88661E+12
236 1.20679E+15 2.88661E+12
236 1.59986E+15 2.88661E+12
236 2.12095E+15 2.88661E+12
236 2.81177E+15 2.88661E+12
236 3.72759E+15 2.88661E+12
236 4.94171E+15 2.88661E+12
236 6.55129E+15 2.88661E+12
236 8.68511E+15 2.88661E+12
236 1.15140E+16 2.88661E+12
236 1.52642E+16 2.88661E+12
236 2.02359E+16 2.88661E+12
236 2.68270E+16 2.88661E+12
236 3.55648E+16 2.88661E+12
236 4.71487E+16 2.88661E+12
236 6.25055E+16 2.88661E+12
236 8.28643E+16 2.88661E+12
236 1.09854E+17 2.88661E+12
236 1.45635E+17 2.88661E+12
236 1.93070E+17 2.88661E+12
236 2.55955E+17 2.88661E+12
236 3.39322E+17 2.88661E+12
236 4.49843E+17 2.88661E+12
236 5.96362E+17 2.88661E+12
236 7.90604E+17 2.88661E+12
236 1.04811E+18 2.88661E+12
236 1.38950E+18 2.88661E+12
236 1.84207E+18 2.88661E+12
236 2.44205E+18 2.88661E+12
236 3.23746E+18 2.88661E+12
236 4.29193E+18 2.88661E+12
236 5.68987E+18 2.88661E+12
236 7.54312E+18 2.88661E+12
236 1.00000E+19 2.88661E+12
242 1.00000E+13 1.41797E+12
242 1.32571E+13 1.41797E+12
242 1.75751E+13 1.41797E+12
242 2.32995E+13 1.41797E+12
242 3.08884E+13 1.41797E+12
242 4.09492E+13 1.41797E+12
242 5.42868E+13 1.41797E+12
242 7.19686E+13 1.41797E+12
242 9.54095E+13 1.41797E+12
242 1.26486E+14 1.41797E+12
242 1.67683E+14 1.41797E+12
242 2.22300E+14 1.41797E+12
242 2.94705E+14 1.41797E+12
242 3.90694E+14 1.41797E+12
242 5.17947E+14 1.41797E+12
242 6.86649E+14 1.41797E+12
242 9.10298E+14 1.41797E+12
242 1.20679E+15 1.41797E+12
242 1.59986E+15 1.41797E+12
242 2.12095E+15 1.41797E+12
242 2.81177E+15 1.41797E+12
242 3.72759E+15 1.41797E+12
242 4.94171E+15 1.41797E+12
242 6.55129E+15 1.41797E+12
242 8.68511E+15 1.41797E+12
242 1.15140E+16 1.41797E+12
242 1.52642E+16 1.41797E+12
242 2.02359E+16 1.41797E+12
242 2.68270E+16 1.41797E+12
242 3.55648E+16 1.41797E+12
242 4.71487E+16 1.41797E+12
242 6.25055E+16 1.41797E+12
242 8.28643E+16 1.41797E+12
242 1.09854E+17 1.41797E+12
242 1.45635E+17 1.41797E+12
242 1.93070E+17 1.41797E+12
242 2.55955E+17 1.41797E+12
242 3.39322E+17 1.41797E+12
242 4.49843E+17 1.41797E+12
242 5.96362E+17 1.41797E+12
242 7.90604E+17 1.41797E+12
242 1.04811E+18 1.41797E+12
242 1.38950E+18 1.41797E+12
242 1.84207E+18 1.41797E+12
242 2.44205E+18 1.41797E+12
242 3.23746E+18 1.41797E+12
242 4.29193E+18 1.41797E+12
242 5.68987E+18 1.41797E+12
242 7.54312E+18 1.41797E+12
242 1.00000E+19 1.41797E+12
248 1.00000E+13 7.20857E+11
248 1.32571E+13 7.20857E+11
248 1.75751E+13 7.20857E+11
248 2.32995E+13 7.20857E+11
248 3.08884E+13 7.20857E+11
248 4.09492E+13 7.20857E+11
248 5.42868E+13 7.20857E+11
248 7.19686E+13 7.20857E+11
248 9.54095E+13 7.20857E+11
248 1.26486E+14 7.20857E+11
248 1.67683E+14 7.20857E+11
248 2.22300E+14 7.20857E+11
248 2.94705E+14 7.20857E+11
248 3.90694E+14 7.20857E+11
248 5.17947E+14 7.20857E+11
248 6.86649E+14 7.20857E+11
248 9.10298E+14 7.20857E+11
248 1.20679E+15 7.20857E+11
248 1.59986E+15 7.20857E+11
248 2.12095E+15 7.20857E+11
248 2.81177E+15 7.20857E+11
248 3.72759E+15 7.20857E+11
248 4.94171E+15 7.20857E+11
248 6.55129E+15 7.20857E+11
248 8.68511E+15 7.20857E+11
248 1.15140E+16 7.20857E+11
248 1.52642E+16 7.20857E+11
248 2.02359E+16 7.20857E+11
248 2.68270E+16 7.20857E+11
248 3.55648E+16 7.20857E+11
248 4.71487E+16 7.20857E+11
248 6.25055E+16 7.20857E+11
248 8.28643E+16 7.20857E+11
248 1.09854E+17 7.20857E+11
248 1.45635E+17 7.20857E+11
248 1.93070E+17 7.20857E+11
248 2.55955E+17 7.20857E+11
248 3.39322E+17 7.20857E+11
248 4.49843E+17 7.20857E+11
248 5.96362E+17 7.20857E+11
248 7.90604E+17 7.20857E+11
248 1.04811E+18 7.20857E+11
248 1.38950E+18 7.20857E+11
248 1.84207E+18 7.20857E+11
248 2.44205E+18 7.20857E+11
248 3.23746E+18 7.20857E+11
248 4.29193E+18 7.20857E+11
248 5.68987E+18 7.20857E+11
248 7.54312E+18 7.20857E+11
248 1.00000E+19 7.20857E+11
254 1.00000E+13 3.78341E+11
254 1.32571E+13 3.78341E+11
254 1.75751E+13 3.78341E+11
254 2.32995E+13 3.78341E+11
254 3.08884E+13 3.78341E+11
254 4.09492E+13 3.78341E+11
254 5.42868E+13 3.78341E+11
254 7.19686E+13 3.78341E+11
254 9.54095E+13 3.78341E+11
254 1.26486E+14 3.78341E+11
254 1.67683E+14 3.78341E+11
254 2.22300E+14 3.78341E+11
254 2.94705E+14 3.78341E+11
254 3.90694E+14 3.78341E+11
254 5.17947E+14 3.78341E+11
254 6.86649E+14 3.78341E+11
254 9.10298E+14 3.78341E+11
254 1.20679E+15 3.78341E+11
254 1.59986E+15 3.78341E+11
254 2.12095E+15 3.78341E+11
254 2.81177E+15 3.78341E+11
254 3.72759E+15 3.78341E+11
254 4.94171E+15 3.78341E+11
254 6.55129E+15 3.78341E+11
254 8.68511E+15 3.78341E+11
254 1.15140E+16 3.78341E+11
254 1.52642E+16 3.78341E+11
254 2.02359E+16 3.78341E+11
254 2.68270E+16 3.78341E+11
254 3.55648E+16 3.78341E+11
254 4.71487E+16 3.78341E+11
254 6.25055E+16 3.78341E+11
254 8.28643E+16 3.78341E+11
254 1.09854E+17 3.78341E+11
254 1.45635E+17 3.78341E+11
254 1.93070E+17 3.78341E+11
254 2.55955E+17 3.78341E+11
254 3.39322E+17 3.78341E+11
254 4.49843E+17 3.78341E+11
254 5.96362E+17 3.78341E+11
254 7.90604E+17 3.78341E+11
254 1.04811E+18 3.78341E+11
254 1.38950E+18 3.78341E+11
254 1.84207E+18 3.78341E+11
254 2.44205E+18 3.78341E+11
254 3.23746E+18 3.78341E+11
254 4.29193E+18 3.78341E+11
254 5.68987E+18 3.78341E+11
254 7.54312E+18 3.78341E+11
254 1.00000E+19 3.78341E+11
260 1.00000E+13 2.04556E+11
260 1.32571E+13 2.04556E+11
260 1.75751E+13 2.04556E+11
260 2.32995E+13 2.04556E+11
260 3.08884E+13 2.04556E+11
260 4.09492E+13 2.04556E+11
260 5.42868E+13 2.04556E+11
260 7.19686E+13 2.04556E+11
260 9.54095E+13 2.04556E+11
260 1.26486E+14 2.04556E+11
260 1.67683E+14 2.04556E+11
260 2.22300E+14 2.04556E+11
260 2.94705E+14 2.04556E+11
260 3.90694E+14 2.04556E+11
260 5.17947E+14 2.04556E+11
260 6.86649E+14 2.04556E+11
260 9.10298E+14 2.04556E+11
260 1.20679E+15 2.04556E+11
260 1.59986E+15 2.04556E+11
260 2.12095E+15 2.04556E+11
260 2.81177E+15 2.04556E+11
260 3.72759E+15 2.04556E+11
260 4.94171E+15 2.04556E+11
260 6.55129E+15 2.04556E+11
260 8.68511E+15 2.04556E+11
260 1.15140E+16 2.04556E+11
260 1.52642E+16 2.04556E+11
260 2.02359E+16 2.04556E+11
260 2.68270E+16 2.04556E+11
260 3.55648E+16 2.04556E+11
260 4.71487E+16 2.04556E+11
260 6.25055E+16 2.04556E+11
260 8.28643E+16 2.04556E+11
260 1.09854E+17 2.04556E+11
260 1.45635E+17 2.04556E+11
260 1.93070E+17 2.04556E+11
260 2.55955E+17 2.04556E+11
260 3.39322E+17 2.04556E+11
260 4.49843E+17 2.04556E+11
260 5.96362E+17 2.04556E+11
260 7.90604E+17 2.04556E+11
260 1.04811E+18 2.04556E+11
260 1.38950E+18 2.04556E+11
260 1.84207E+18 2.04556E+11
260 2.44205E+18 2.04556E+11
260 3.23746E+18 2.04556E+11
260 4.29193E+18 2.04556E+11
260 5.68987E+18 2.04556E+11
260 7.54312E+18 2.04556E+11
260 1.00000E+19 2.04556E+11
266 1.00000E+13 1.13701E+11
266 1.32571E+13 1.13701E+11
266 1.75751E+13 1.13701E+11
266 2.32995E+13 1.13701E+11
266 3.08884E+13 1.13701E+11
266 4.09492E+13 1.13701E+11
266 5.42868E+13 1.13701E+11
266 7.19686E+13 1.13701E+11
266 9.54095E+13 1.13701E+11
266 1.26486E+14 1.13701E+11
266 1.67683E+14 1.13701E+11
266 2.22300E+14 1.13701E+11
266 2.94705E+14 1.13701E+11
266 3.90694E+14 1.13701E+11
266 5.17947E+14 1.13701E+11
266 6.86649E+14 1.13701E+11
266 9.10298E+14 1.13701E+11
266 1.20679E+15 1.13701E+11
266 1.59986E+15 1.13701E+11
266 2.12095E+15 1.13701E+11
266 2.81177E+15 1.13701E+11
266 3.72759E+15 1.13701E+11
266 4.94171E+15 1.13701E+11
266 6.55129E+15 1.13701E+11
266 8.68511E+15 1.13701E+11
266 1.15140E+16 1.13701E+11
266 1.52642E+16 1.13701E+11
266 2.02359E+16 1.13701E+11
266 2.68270E+16 1.13701E+11
266 3.55648E+16 1.13701E+11
266 4.71487E+16 1.13701E+11
266 6.25055E+16 1.13701E+11
266 8.28643E+16 1.13701E+11
266 1.09854E+17 1.13701E+11
266 1.45635E+17 1.13701E+11
266 1.93070E+17 1.13701E+11
266 2.55955E+17 1.13701E+11
266 3.39322E+17 1.13701E+11
266 4.49843E+17 1.13701E+11
266 5.96362E+17 1.13701E+11
266 7.90604E+17 1.13701E+11
266 1.04811E+18 1.13701E+11
266 1.38950E+18 1.13701E+11
266 1.84207E+18 1.13701E+11
266 2.44205E+18 1.13701E+11
266 3.23746E+18 1.13701E+11
266 4.29193E+18 1.13701E+11
266 5.68987E+18 1.13701E+11
266 7.54312E+18 1.13701E+11
266 1.00000E+19 1.13701E+11
272 1.00000E+13 6.48564E+10
272 1.32571E+13 6.48564E+10
272 1.75751E+13 6.48564E+10
272 2.32995E+13 6.48564E+10
272 3.08884E+13 6.48564E+10
272 4.09492E+13 6.48564E+10
272 5.42868E+13 6.48564E+10
272 7.19686E+13 6.48564E+10
272 9.54095E+13 6.48564E+10
272 1.26486E+14 6.48564E+10
272 1.67683E+14 6.48564E+10
272 2.22300E+14 6.48564E+10
272 2.94705E+14 6.48564E+10
272 3.90694E+14 6.48564E+10
272 5.17947E+14 6.48564E+10
272 6.86649E+14 6.48564E+10
272 9.10298E+14 6.48564E+10
272 1.20679E+15 6.48564E+10
272 1.59986E+15 6.48564E+10
272 2.12095E+15 6.48564E+10
272 2.81177E+15 6.48564E+10
272 3.72759E+15 6.48564E+10
272 4.94171E+15 6.48564E+10
272 6.55129E+15 6.48564E+10
272 8.68511E+15 6.48564E+10
272 1.15140E+16 6.48564E+10
272 1.52642E+16 6.48564E+10
272 2.02359E+16 6.48564E+10
272 2.68270E+16 6.48564E+10
272 3.55648E+16 6.48564E+10
272 4.71487E+16 6.48564E+10
272 6.25055E+16 6.48564E+10
272 8.28643E+16 6.48564E+10
272 1.09854E+17 6.48564E+10
272 1.45635E+17 6.48564E+10
272 1.93070E+17 6.48564E+10
272 2.55955E+17 6.48564E+10
272 3.39322E+17 6.48564E+10
272 4.49843E+17 6.48564E+10
272 5.96362E+17 6.48564E+10
272 7.90604E+17 6.48564E+10
272 1.04811E+18 6.48564E+10
272 1.38950E+18 6.48564E+10
272 1.84207E+18 6.48564E+10
272 2.44205E+18 6.48564E+10
272 3.23746E+18 6.48564E+10
272 4.29193E+18 6.48564E+10
272 5.68987E+18 6.48564E+10
272 7.54312E+18 6.48564E+10
272 1.00000E+19 6.48564E+10
278 1.00000E+13 3.79006E+10
278 1.32571E+13 3.79006E+10
278 1.75751E+13 3.79006E+10
278 2.32995E+13 3.79006E+10
278 3.08884E+13 3.79006E+10
278 4.09492E+13 3.79006E+10
278 5.42868E+13 3.79006E+10
278 7.19686E+13 3.79006E+10
278 9.54095E+13 3.79006E+10
278 1.26486E+14 3.79006E+10
278 1.67683E+14 3.79006E+10
278 2.22300E+14 3.79006E+10
278 2.94705E+14 3.79006E+10
278 3.90694E+14 3.79006E+10
278 5.17947E+14 3.79006E+10
278 6.86649E+14 3.79006E+10
278 9.10298E+14 3.79006E+10
278 1.20679E+15 3.79006E+10
278 1.59986E+15 3.79006E+10
278 2.12095E+15 3.79006E+10
278 2.81177E+15 3.79006E+10
278 3.72759E+15 3.79006E+10
278 4.94171E+15 3.79006E+10
278 6.55129E+15 3.79006E+10
278 8.68511E+15 3.79006E+10
278 1.15140E+16 3.79006E+10
278 1.52642E+16 3.79006E+10
278 2.02359E+16 3.79006E+10
278 2.68270E+16 3.79006E+10
278 3.55648E+16 3.79006E+10
278 4.71487E+16 3.79006E+10
278 6.25055E+16 3.79006E+10
278 8.28643E+16 3.79006E+10
278 1.09854E+17 3.79006E+10
278 1.45635E+17 3.79006E+10
278 1.93070E+17 3.79006E+10
278 2.55955E+17 3.79006E+10
278 3.39322E+17 3.79006E+10
278 4.49843E+17 3.79006E+10
278 5.96362E+17 3.79006E+10
278 7.90604E+17 3.79006E+10
278 1.04811E+18 3.79006E+10
278 1.38950E+18 3.79006E+10
278 1.84207E+18 3.79006E+10
278 2.44205E+18 3.79006E+10
278 3.23746E+18 3.79006E+10
278 4.29193E+18 3.79006E+10
278 5.68987E+18 3.79006E+10
278 7.54312E+18 3.79006E+10
278 1.00000E+19 3.79006E+10
284 1.00000E+13 2.26560E+10
284 1.32571E+13 2.26560E+10
284 1.75751E+13 2.26560E+10
284 2.32995E+13 2.26560E+10
284 3.08884E+13 2.26560E+10
284 4.09492E+13 2.26560E+10
284 5.42868E+13 2.26560E+10
284 7.19686E+13 2.26560E+10
284 9.54095E+13 2.26560E+10
284 1.26486E+14 2.26560E+10
284 1.67683E+14 2.26560E+10
284 2.22300E+14 2.26560E+10
284 2.94705E+14 2.26560E+10
284 3.90694E+14 2.26560E+10
284 5.17947E+14 2.26560E+10
284 6.86649E+14 2.26560E+10
284 9.10298E+14 2.26560E+10
284 1.20679E+15 2.26560E+10
284 1.59986E+15 2.26560E+10
284 2.12095E+15 2.26560E+10
284 2.81177E+15 2.26560E+10
284 3.72759E+15 2.26560E+10
284 4.94171E+15 2.26560E+10
284 6.55129E+15 2.26560E+10
284 8.68511E+15 2.26560E+10
284 1.15140E+16 2.26560E+10
284 1.52642E+16 2.26560E+10
284 2.02359E+16 2.26560E+10
284 2.68270E+16 2.26560E+10
284 3.55648E+16 2.26560E+10
284 4.71487E+16 2.26560E+10
284 6.25055E+16 2.26560E+10
284 8.28643E+16 2.26560E+10
284 1.09854E+17 2.26560E+10
284 1.45635E+17 2.26560E+10
284 1.93070E+17 2.26560E+10
284 2.55955E+17 2.26560E+10
284 3.39322E+17 2.26560E+10
284 4.49843E+17 2.26560E+10
284 5.96362E+17 2.26560E+10
284 7.90604E+17 2.26560E+10
284 1.04811E+18 2.26560E+10
284 1.38950E+18 2.26560E+10
284 1.84207E+18 2.26560E+10
284 2.44205E+18 2.26560E+10
284 3.23746E+18 2.26560E+10
284 4.29193E+18 2.26560E+10
284 5.68987E+18 2.26560E+10
284 7.54312E+18 2.26560E+10
284 1.00000E+19 2.26560E+10
290 1.00000E+13 1.38343E+10
290 1.32571E+13 1.38343E+10
290 1.75751E+13 1.38343E+10
290 2.32995E+13 1.38343E+10
290 3.08884E+13 1.38343E+10
290 4.09492E+13 1.38343E+10
290 5.42868E+13 1.38343E+10
290 7.19686E+13 1.38343E+10
290 9.54095E+13 1.38343E+10
290 1.26486E+14 1.38343E+10
290 1.67683E+14 1.38343E+10
290 2.22300E+14 1.38343E+10
290 2.94705E+14 1.38343E+10
290 3.90694E+14 1.38343E+10
290 5.17947E+14 1.38343E+10
290 6.86649E+14 1.38343E+10
290 9.10298E+14 1.38343E+10
290 1.20679E+15 1.38343E+10
290 1.59986E+15 1.38343E+10
290 2.12095E+15 1.38343E+10
290 2.81177E+15 1.38343E+10
290 3.72759E+15 1.38343E+10
290 4.94171E+15 1.38343E+10
290 6.55129E+15 1.38343E+10
290 8.68511E+15 1.38343E+10
290 1.15140E+16 1.38343E+10
290 1.52642E+16 1.38343E+10
290 2.02359E+16 1.38343E+10
290 2.68270E+16 1.38343E+10
290 3.55648E+16 1.38343E+10
290 4.71487E+16 1.38343E+10
290 6.25055E+16 1.38343E+10
290 8.28643E+16 1.38343E+10
290 1.09854E+17 1.38343E+10
290 1.45635E+17 1.38343E+10
290 1.93070E+17 1.38343E+10
290 2.55955E+17 1.38343E+10
290 3.39322E+17 1.38343E+10
290 4.49843E+17 1.38343E+10
290 5.96362E+17 1.38343E+10
290 7.90604E+17 1.38343E+10
290 1.04811E+18 1.38343E+10
290 1.38950E+18 1.38343E+10
290 1.84207E+18 1.38343E+10
290 2.44205E+18 1.38343E+10
290 3.23746E+18 1.38343E+10
290 4.29193E+18 1.38343E+10
290 5.68987E+18 1.38343E+10
290 7.54312E+18 1.38343E+10
290 1.00000E+19 1.38343E+10
296 1.00000E+13 8.61792E+9
296 1.32571E+13 8.61792E+9
296 1.75751E+13 8.61792E+9
296 2.32995E+13 8.61792E+9
296 3.08884E+13 8.61792E+9
296 4.09492E+13 8.61792E+9
296 5.42868E+13 8.61792E+9
296 7.19686E+13 8.61792E+9
296 9.54095E+13 8.61792E+9
296 1.26486E+14 8.61792E+9
296 1.67683E+14 8.61792E+9
296 2.22300E+14 8.61792E+9
296 2.94705E+14 8.61792E+9
296 3.90694E+14 8.61792E+9
296 5.17947E+14 8.61792E+9
296 6.86649E+14 8.61792E+9
296 9.10298E+14 8.61792E+9
296 1.20679E+15 8.61792E+9
296 1.59986E+15 8.61792E+9
296 2.12095E+15 8.61792E+9
296 2.81177E+15 8.61792E+9
296 3.72759E+15 8.61792E+9
296 4.94171E+15 8.61792E+9
296 6.55129E+15 8.61792E+9
296 8.68511E+15 8.61792E+9
296 1.15140E+16 8.61792E+9
296 1.52642E+16 8.61792E+9
296 2.02359E+16 8.61792E+9
296 2.68270E+16 8.61792E+9
296 3.55648E+16 8.61792E+9
296 4.71487E+16 8.61792E+9
296 6.25055E+16 8.61792E+9
296 8.28643E+16 8.61792E+9
296 1.09854E+17 8.61792E+9
296 1.45635E+17 8.61792E+9
296 1.93070E+17 8.61792E+9
296 2.55955E+17 8.61792E+9
296 3.39322E+17 8.61792E+9
296 4.49843E+17 8.61792E+9
296 5.96362E+17 8.61792E+9
296 7.90604E+17 8.61792E+9
296 1.04811E+18 8.61792E+9
296 1.38950E+18 8.61792E+9
296 1.84207E+18 8.61792E+9
296 2.44205E+18 8.61792E+9
296 3.23746E+18 8.61792E+9
296 4.29193E+18 8.61792E+9
296 5.68987E+18 8.61792E+9
296 7.54312E+18 8.61792E+9
296 1.00000E+19 8.61792E+9
302 1.00000E+13 5.47027E+9
302 1.32571E+13 5.47027E+9
302 1.75751E+13 5.47027E+9
302 2.32995E+13 5.47027E+9
302 3.08884E+13 5.47027E+9
302 4.09492E+13 5.47027E+9
302 5.42868E+13 5.47027E+9
302 7.19686E+13 5.47027E+9
302 9.54095E+13 5.47027E+9
302 1.26486E+14 5.47027E+9
302 1.67683E+14 5.47027E+9
302 2.22300E+14 5.47027E+9
302 2.94705E+14 5.47027E+9
302 3.90694E+14 5.47027E+9
302 5.17947E+14 5.47027E+9
302 6.86649E+14 5.47027E+9
302 9.10298E+14 5.47027E+9
302 1.20679E+15 5.47027E+9
302 1.59986E+15 5.47027E+9
302 2.12095E+15 5.47027E+9
302 2.81177E+15 5.47027E+9
302 3.72759E+15 5.47027E+9
302 4.94171E+15 5.47027E+9
302 6.55129E+15 5.47027E+9
302 8.68511E+15 5.47027E+9
302 1.15140E+16 5.47027E+9
302 1.52642E+16 5.47027E+9
302 2.02359E+16 5.47027E+9
302 2.68270E+16 5.47027E+9
302 3.55648E+16 5.47027E+9
302 4.71487E+16 5.47027E+9
302 6.25055E+16 5.47027E+9
302 8.28643E+16 5.47027E+9
302 1.09854E+17 5.47027E+9
302 1.45635E+17 5.47027E+9
302 1.93070E+17 5.47027E+9
302 2.55955E+17 5.47027E+9
302 3.39322E+17 5.47027E+9
302 4.49843E+17 5.47027E+9
302 5.96362E+17 5.47027E+9
302 7.90604E+17 5.47027E+9
302 1.04811E+18 5.47027E+9
302 1.38950E+18 5.47027E+9
302 1.84207E+18 5.47027E+9
302 2.44205E+18 5.47027E+9
302 3.23746E+18 5.47027E+9
302 4.29193E+18 5.47027E+9
302 5.68987E+18 5.47027E+9
302 7.54312E+18 5.47027E+9
302 1.00000E+19 5.47027E+9
308 1.00000E+13 3.53427E+9
308 1.32571E+13 3.53427E+9
308 1.75751E+13 3.53427E+9
308 2.32995E+13 3.53427E+9
308 3.08884E+13 3.53427E+9
308 4.09492E+13 3.53427E+9
308 5.42868E+13 3.53427E+9
308 7.19686E+13 3.53427E+9
308 9.54095E+13 3.53427E+9
308 1.26486E+14 3.53427E+9
308 1.67683E+14 3.53427E+9
308 2.22300E+14 3.53427E+9
308 2.94705E+14 3.53427E+9
308 3.90694E+14 3.53427E+9
308 5.17947E+14 3.53427E+9
308 6.86649E+14 3.53427E+9
308 9.10298E+14 3.53427E+9
308 1.20679E+15 3.53427E+9
308 1.59986E+15 3.53427E+9
308 2.12095E+15 3.53427E+9
308 2.81177E+15 3.53427E+9
308 3.72759E+15 3.53427E+9
308 4.94171E+15 3.53427E+9
308 6.55129E+15 3.53427E+9
308 8.68511E+15 3.53427E+9
308 1.15140E+16 3.53427E+9
308 1.52642E+16 3.53427E+9
308 2.02359E+16 3.53427E+9
308 2.68270E+16 3.53427E+9
308 3.55648E+16 3.53427E+9
308 4.71487E+16 3.53427E+9
308 6.25055E+16 3.53427E+9
308 8.28643E+16 3.53427E+9
308 1.09854E+17 3.53427E+9
308 1.45635E+17 3.53427E+9
308 1.93070E+17 3.53427E+9
308 2.55955E+17 3.53427E+9
308 3.39322E+17 3.53427E+9
308 4.49843E+17 3.53427E+9
308 5.96362E+17 3.53427E+9
308 7.90604E+17 3.53427E+9
308 1.04811E+18 3.53427E+9
308 1.38950E+18 3.53427E+9
308 1.84207E+18 3.53427E+9
308 2.44205E+18 3.53427E+9
308 3.23746E+18 3.53427E+9
308 4.29193E+18 3.53427E+9
308 5.68987E+18 3.53427E+9
308 7.54312E+18 3.53427E+9
308 1.00000E+19 3.53427E+9
314 1.00000E+13 2.32185E+9
314 1.32571E+13 2.32185E+9
314 1.75751E+13 2.32185E+9
314 2.32995E+13 2.32185E+9
314 3.08884E+13 2.32185E+9
314 4.09492E+13 2.32185E+9
314 5.42868E+13 2.32185E+9
314 7.19686E+13 2.32185E+9
314 9.54095E+13 2.32185E+9
314 1.26486E+14 2.32185E+9
314 1.67683E+14 2.32185E+9
314 2.22300E+14 2.32185E+9
314 2.94705E+14 2.32185E+9
314 3.90694E+14 2.32185E+9
314 5.17947E+14 2.32185E+9
314 6.86649E+14 2.32185E+9
314 9.10298E+14 2.32185E+9
314 1.20679E+15 2.32185E+9
314 1.59986E+15 2.32185E+9
314 2.12095E+15 2.32185E+9
314 2.81177E+15 2.32185E+9
314 3.72759E+15 2.32185E+9
314 4.94171E+15 2.32185E+9
314 6.55129E+15 2.32185E+9
314 8.68511E+15 2.32185E+9
314 1.15140E+16 2.32185E+9
314 1.52642E+16 2.32185E+9
314 2.02359E+16 2.32185E+9
314 2.68270E+16 2.32185E+9
314 3.55648E+16 2.32185E+9
314 4.71487E+16 2.32185E+9
314 6.25055E+16 2.32185E+9
314 8.28643E+16 2.32185E+9
314 1.09854E+17 2.32185E+9
314 1.45635E+17 2.32185E+9
314 1.93070E+17 2.32185E+9
314 2.55955E+17 2.32185E+9
314 3.39322E+17 2.32185E+9
314 4.49843E+17 2.32185E+9
314 5.96362E+17 2.32185E+9
314 7.90604E+17 2.32185E+9
314 1.04811E+18 2.32185E+9
314 1.38950E+18 2.32185E+9
314 1.84207E+18 2.32185E+9
314 2.44205E+18 2.32185E+9
314 3.23746E+18 2.32185E+9
314 4.29193E+18 2.32185E+9
314 5.68987E+18 2.32185E+9
314 7.54312E+18 2.32185E+9
314 1.00000E+19 2.32185E+9
320 1.00000E+13 1.54956E+9
320 1.32571E+13 1.54956E+9
320 1.75751E+13 1.54956E+9
320 2.32995E+13 1.54956E+9
320 3.08884E+13 1.54956E+9
320 4.09492E+13 1.54956E+9
320 5.42868E+13 1.54956E+9
320 7.19686E+13 1.54956E+9
320 9.54095E+13 1.54956E+9
320 1.26486E+14 1.54956E+9
320 1.67683E+14 1.54956E+9
320 2.22300E+14 1.54956E+9
320 2.94705E+14 1.54956E+9
320 3.90694E+14 1.54956E+9
320 5.17947E+14 1.54956E+9
320 6.86649E+14 1.54956E+9
320 9.10298E+14 1.54956E+9
320 1.20679E+15 1.54956E+9
320 1.59986E+15 1.54956E+9
320 2.12095E+15 1.54956E+9
320 2.81177E+15 1.54956E+9
320 3.72759E+15 1.54956E+9
320 4.94171E+15 1.54956E+9
320 6.55129E+15 1.54956E+9
320 8.68511E+15 1.54956E+9
320 1.15140E+16 1.54956E+9
320 1.52642E+16 1.54956E+9
320 2.02359E+16 1.54956E+9
320 2.68270E+16 1.54956E+9
320 3.55648E+16 1.54956E+9
320 4.71487E+16 1.54956E+9
320 6.25055E+16 1.54956E+9
320 8.28643E+16 1.54956E+9
320 1.09854E+17 1.54956E+9
320 1.45635E+17 1.54956E+9
320 1.93070E+17 1.54956E+9
320 2.55955E+17 1.54956E+9
320 3.39322E+17 1.54956E+9
320 4.49843E+17 1.54956E+9
320 5.96362E+17 1.54956E+9
320 7.90604E+17 1.54956E+9
320 1.04811E+18 1.54956E+9
320 1.38950E+18 1.54956E+9
320 1.84207E+18 1.54956E+9
320 2.44205E+18 1.54956E+9
320 3.23746E+18 1.54956E+9
320 4.29193E+18 1.54956E+9
320 5.68987E+18 1.54956E+9
320 7.54312E+18 1.54956E+9
320 1.00000E+19 1.54956E+9
326 1.00000E+13 1.04965E+9
326 1.32571E+13 1.04965E+9
326 1.75751E+13 1.04965E+9
326 2.32995E+13 1.04965E+9
326 3.08884E+13 1.04965E+9
326 4.09492E+13 1.04965E+9
326 5.42868E+13 1.04965E+9
326 7.19686E+13 1.04965E+9
326 9.54095E+13 1.04965E+9
326 1.26486E+14 1.04965E+9
326 1.67683E+14 1.04965E+9
326 2.22300E+14 1.04965E+9
326 2.94705E+14 1.04965E+9
326 3.90694E+14 1.04965E+9
326 5.17947E+14 1.04965E+9
326 6.86649E+14 1.04965E+9
326 9.10298E+14 1.04965E+9
326 1.20679E+15 1.04965E+9
326 1.59986E+15 1.04965E+9
326 2.12095E+15 1.04965E+9
326 2.81177E+15 1.04965E+9
326 3.72759E+15 1.04965E+9
326 4.94171E+15 1.04965E+9
326 6.55129E+15 1.04965E+9
326 8.68511E+15 1.04965E+9
326 1.15140E+16 1.04965E+9
326 1.52642E+16 1.04965E+9
326 2.02359E+16 1.04965E+9
326 2.68270E+16 1.04965E+9
326 3.55648E+16 1.04965E+9
326 4.71487E+16 1.04965E+9
326 6.25055E+16 1.04965E+9
326 8.28643E+16 1.04965E+9
326 1.09854E+17 1.04965E+9
326 1.45635E+17 1.04965E+9
326 1.93070E+17 1.04965E+9
326 2.55955E+17 1.04965E+9
326 3.39322E+17 1.04965E+9
326 4.49843E+17 1.04965E+9
326 5.96362E+17 1.04965E+9
326 7.90604E+17 1.04965E+9
326 1.04811E+18 1.04965E+9
326 1.38950E+18 1.04965E+9
326 1.84207E+18 1.04965E+9
326 2.44205E+18 1.04965E+9
326 3.23746E+18 1.04965E+9
326 4.29193E+18 1.04965E+9
326 5.68987E+18 1.04965E+9
326 7.54312E+18 1.04965E+9
326 1.00000E+19 1.04965E+9
332 1.00000E+13 7.21100E+8
332 1.32571E+13 7.21100E+8
332 1.75751E+13 7.21100E+8
332 2.32995E+13 7.21100E+8
332 3.08884E+13 7.21100E+8
332 4.09492E+13 7.21100E+8
332 5.42868E+13 7.21100E+8
332 7.19686E+13 7.21100E+8
332 9.54095E+13 7.21100E+8
332 1.26486E+14 7.21100E+8
332 1.67683E+14 7.21100E+8
332 2.22300E+14 7.21100E+8
332 2.94705E+14 7.21100E+8
332 3.90694E+14 7.21100E+8
332 5.17947E+14 7.21100E+8
332 6.86649E+14 7.21100E+8
332 9.10298E+14 7.21100E+8
332 1.20679E+15 7.21100E+8
332 1.59986E+15 7.21100E+8
332 2.12095E+15 7.21100E+8
332 2.81177E+15 7.21100E+8
332 3.72759E+15 7.21100E+8
332 4.94171E+15 7.21100E+8
332 6.55129E+15 7.21100E+8
332 8.68511E+15 7.21100E+8
332 1.15140E+16 7.21100E+8
332 1.52642E+16 7.21100E+8
332 2.02359E+16 7.21100E+8
332 2.68270E+16 7.21100E+8
332 3.55648E+16 7.21100E+8
332 4.71487E+16 7.21100E+8
332 6.25055E+16 7.21100E+8
332 8.28643E+16 7.21100E+8
332 1.09854E+17 7.21100E+8
332 1.45635E+17 7.21100E+8
332 1.93070E+17 7.21100E+8
332 2.55955E+17 7.21100E+8
332 3.39322E+17 7.21100E+8
332 4.49843E+17 7.21100E+8
332 5.96362E+17 7.21100E+8
332 7.90604E+17 7.21100E+8
332 1.04811E+18 7.21100E+8
332 1.38950E+18 7.21100E+8
332 1.84207E+18 7.21100E+8
332 2.44205E+18 7.21100E+8
332 3.23746E+18 7.21100E+8
332 4.29193E+18 7.21100E+8
332 5.68987E+18 7.21100E+8
332 7.54312E+18 7.21100E+8
332 1.00000E+19 7.21100E+8
338 1.00000E+13 5.02035E+8
338 1.32571E+13 5.02035E+8
338 1.75751E+13 5.02035E+8
338 2.32995E+13 5.02035E+8
338 3.08884E+13 5.02035E+8
338 4.09492E+13 5.02035E+8
338 5.42868E+13 5.02035E+8
338 7.19686E+13 5.02035E+8
338 9.54095E+13 5.02035E+8
338 1.26486E+14 5.02035E+8
338 1.67683E+14 5.02035E+8
338 2.22300E+14 5.02035E+8
338 2.94705E+14 5.02035E+8
338 3.90694E+14 5.02035E+8
338 5.17947E+14 5.02035E+8
338 6.86649E+14 5.02035E+8
338 9.10298E+14 5.02035E+8
338 1.20679E+15 5.02035E+8
338 1.59986E+15 5.02035E+8
338 2.12095E+15 5.02035E+8
338 2.81177E+15 5.02035E+8
338 3.72759E+15 5.02035E+8
338 4.94171E+15 5.02035E+8
338 6.55129E+15 5.02035E+8
338 8.68511E+15 5.02035E+8
338 1.15140E+16 5.02035E+8
338 1.52642E+16 5.02035E+8
338 2.02359E+16 5.02035E+8
338 2.68270E+16 5.02035E+8
338 3.55648E+16 5.02035E+8
338 4.71487E+16 5.02035E+8
338 6.25055E+16 5.02035E+8
338 8.28643E+16 5.02035E+8
338 1.09854E+17 5.02035E+8
338 1.45635E+17 5.02035E+8
338 1.93070E+17 5.02035E+8
338 2.55955E+17 5.02035E+8
338 3.39322E+17 5.02035E+8
338 4.49843E+17 5.02035E+8
338 5.96362E+17 5.02035E+8
338 7.90604E+17 5.02035E+8
338 1.04811E+18 5.02035E+8
338 1.38950E+18 5.02035E+8
338 1.84207E+18 5.02035E+8
338 2.44205E+18 5.02035E+8
338 3.23746E+18 5.02035E+8
338 4.29193E+18 5.02035E+8
338 5.68987E+18 5.02035E+8
338 7.54312E+18 5.02035E+8
338 1.00000E+19 5.02035E+8
344 1.00000E+13 3.53964E+8
344 1.32571E+13 3.53964E+8
344 1.75751E+13 3.53964E+8
344 2.32995E+13 3.53964E+8
344 3.08884E+13 3.53964E+8
344 4.09492E+13 3.53964E+8
344 5.42868E+13 3.53964E+8
344 7.19686E+13 3.53964E+8
344 9.54095E+13 3.53964E+8
344 1.26486E+14 3.53964E+8
344 1.67683E+14 3.53964E+8
344 2.22300E+14 3.53964E+8
344 2.94705E+14 3.53964E+8
344 3.90694E+14 3.53964E+8
344 5.17947E+14 3.53964E+8
344 6.86649E+14 3.53964E+8
344 9.10298E+14 3.53964E+8
344 1.20679E+15 3.53964E+8
344 1.59986E+15 3.53964E+8
344 2.12095E+15 3.53964E+8
344 2.81177E+15 3.53964E+8
344 3.72759E+15 3.53964E+8
344 4.94171E+15 3.53964E+8
344 6.55129E+15 3.53964E+8
344 8.68511E+15 3.53964E+8
344 1.15140E+16 3.53964E+8
344 1.52642E+16 3.53964E+8
344 2.02359E+16 3.53964E+8
344 2.68270E+16 3.53964E+8
344 3.55648E+16 3.53964E+8
344 4.71487E+16 3.53964E+8
344 6.25055E+16 3.53964E+8
344 8.28643E+16 3.53964E+8
344 1.09854E+17 3.53964E+8
344 1.45635E+17 3.53964E+8
344 1.93070E+17 3.53964E+8
344 2.55955E+17 3.53964E+8
344 3.39322E+17 3.53964E+8
344 4.49843E+17 3.53964E+8
344 5.96362E+17 3.53964E+8
344 7.90604E+17 3.53964E+8
344 1.04811E+18 3.53964E+8
344 1.38950E+18 3.53964E+8
344 1.84207E+18 3.53964E+8
344 2.44205E+18 3.53964E+8
344 3.23746E+18 3.53964E+8
344 4.29193E+18 3.53964E+8
344 5.68987E+18 3.53964E+8
344 7.54312E+18 3.53964E+8
344 1.00000E+19 3.53964E+8
350 1.00000E+13 2.52574E+8
350 1.32571E+13 2.52574E+8
350 1.75751E+13 2.52574E+8
350 2.32995E+13 2.52574E+8
350 3.08884E+13 2.52574E+8
350 4.09492E+13 2.52574E+8
350 5.42868E+13 2.52574E+8
350 7.19686E+13 2.52574E+8
350 9.54095E+13 2.52574E+8
350 1.26486E+14 2.52574E+8
350 1.67683E+14 2.52574E+8
350 2.22300E+14 2.52574E+8
350 2.94705E+14 2.52574E+8
350 3.90694E+14 2.52574E+8
350 5.17947E+14 2.52574E+8
350 6.86649E+14 2.52574E+8
350 9.10298E+14 2.52574E+8
350 1.20679E+15 2.52574E+8
350 1.59986E+15 2.52574E+8
350 2.12095E+15 2.52574E+8
350 2.81177E+15 2.52574E+8
350 3.72759E+15 2.52574E+8
350 4.94171E+15 2.52574E+8
350 6.55129E+15 2.52574E+8
350 8.68511E+15 2.52574E+8
350 1.15140E+16 2.52574E+8
350 1.52642E+16 2.52574E+8
350 2.02359E+16 2.52574E+8
350 2.68270E+16 2.52574E+8
350 3.55648E+16 2.52574E+8
350 4.71487E+16 2.52574E+8
350 6.25055E+16 2.52574E+8
350 8.28643E+16 2.52574E+8
350 1.09854E+17 2.52574E+8
350 1.45635E+17 2.52574E+8
350 1.93070E+17 2.52574E+8
350 2.55955E+17 2.52574E+8
350 3.39322E+17 2.52574E+8
350 4.49843E+17 2.52574E+8
350 5.96362E+17 2.52574E+8
350 7.90604E+17 2.52574E+8
350 1.04811E+18 2.52574E+8
350 1.38950E+18 2.52574E+8
350 1.84207E+18 2.52574E+8
350 2.44205E+18 2.52574E+8
350 3.23746E+18 2.52574E+8
350 4.29193E+18 2.52574E+8
350 5.68987E+18 2.52574E+8
350 7.54312E+18 2.52574E+8
350 1.00000E+19 2.52574E+8
356 1.00000E+13 1.82290E+8
356 1.32571E+13 1.82290E+8
356 1.75751E+13 1.82290E+8
356 2.32995E+13 1.82290E+8
356 3.08884E+13 1.82290E+8
356 4.09492E+13 1.82290E+8
356 5.42868E+13 1.82290E+8
356 7.19686E+13 1.82290E+8
356 9.54095E+13 1.82290E+8
356 1.26486E+14 1.82290E+8
356 1.67683E+14 1.82290E+8
356 2.22300E+14 1.82290E+8
356 2.94705E+14 1.82290E+8
356 3.90694E+14 1.82290E+8
356 5.17947E+14 1.82290E+8
356 6.86649E+14 1.82290E+8
356 9.10298E+14 1.82290E+8
356 1.20679E+15 1.82290E+8
356 1.59986E+15 1.82290E+8
356 2.12095E+15 1.82290E+8
356 2.81177E+15 1.82290E+8
356 3.72759E+15 1.82290E+8
356 4.94171E+15 1.82290E+8
356 6.55129E+15 1.82290E+8
356 8.68511E+15 1.82290E+8
356 1.15140E+16 1.82290E+8
356 1.52642E+16 1.82290E+8
356 2.02359E+16 1.82290E+8
356 2.68270E+16 1.82290E+8
356 3.55648E+16 1.82290E+8
356 4.71487E+16 1.82290E+8
356 6.25055E+16 1.82290E+8
356 8.28643E+16 1.82290E+8
356 1.09854E+17 1.82290E+8
356 1.45635E+17 1.82290E+8
356 1.93070E+17 1.82290E+8
356 2.55955E+17 1.82290E+8
356 3.39322E+17 1.82290E+8
356 4.49843E+17 1.82290E+8
356 5.96362E+17 1.82290E+8
356 7.90604E+17 1.82290E+8
356 1.04811E+18 1.82290E+8
356 1.38950E+18 1.82290E+8
356 1.84207E+18 1.82290E+8
356 2.44205E+18 1.82290E+8
356 3.23746E+18 1.82290E+8
356 4.29193E+18 1.82290E+8
356 5.68987E+18 1.82290E+8
356 7.54312E+18 1.82290E+8
356 1.00000E+19 1.82290E+8
362 1.00000E+13 1.32994E+8
362 1.32571E+13 1.32994E+8
362 1.75751E+13 1.32994E+8
362 2.32995E+13 1.32994E+8
362 3.08884E+13 1.32994E+8
362 4.09492E+13 1.32994E+8
362 5.42868E+13 1.32994E+8
362 7.19686E+13 1.32994E+8
362 9.54095E+13 1.32994E+8
362 1.26486E+14 1.32994E+8
362 1.67683E+14 1.32994E+8
362 2.22300E+14 1.32994E+8
362 2.94705E+14 1.32994E+8
362 3.90694E+14 1.32994E+8
362 5.17947E+14 1.32994E+8
362 6.86649E+14 1.32994E+8
362 9.10298E+14 1.32994E+8
362 1.20679E+15 1.32994E+8
362 1.59986E+15 1.32994E+8
362 2.12095E+15 1.32994E+8
362 2.81177E+15 1.32994E+8
362 3.72759E+15 1.32994E+8
362 4.94171E+15 1.32994E+8
362 6.55129E+15 1.32994E+8
362 8.68511E+15 1.32994E+8
362 1.15140E+16 1.32994E+8
362 1.52642E+16 1.32994E+8
362 2.02359E+16 1.32994E+8
362 2.68270E+16 1.32994E+8
362 3.55648E+16 1.32994E+8
362 4.71487E+16 1.32994E+8
362 6.25055E+16 1.32994E+8
362 8.28643E+16 1.32994E+8
362 1.09854E+17 1.32994E+8
362 1.45635E+17 1.32994E+8
362 1.93070E+17 1.32994E+8
362 2.55955E+17 1.32994E+8
362 3.39322E+17 1.32994E+8
362 4.49843E+17 1.32994E+8
362 5.96362E+17 1.32994E+8
362 7.90604E+17 1.32994E+8
362 1.04811E+18 1.32994E+8
362 1.38950E+18 1.32994E+8
362 1.84207E+18 1.32994E+8
362 2.44205E+18 1.32994E+8
362 3.23746E+18 1.32994E+8
362 4.29193E+18 1.32994E+8
362 5.68987E+18 1.32994E+8
362 7.54312E+18 1.32994E+8
362 1.00000E+19 1.32994E+8
368 1.00000E+13 9.80326E+7
368 1.32571E+13 9.80326E+7
368 1.75751E+13 9.80326E+7
368 2.32995E+13 9.80326E+7
368 3.08884E+13 9.80326E+7
368 4.09492E+13 9.80326E+7
368 5.42868E+13 9.80326E+7
368 7.19686E+13 9.80326E+7
368 9.54095E+13 9.80326E+7
368 1.26486E+14 9.80326E+7
368 1.67683E+14 9.80326E+7
368 2.22300E+14 9.80326E+7
368 2.94705E+14 9.80326E+7
368 3.90694E+14 9.80326E+7
368 5.17947E+14 9.80326E+7
368 6.86649E+14 9.80326E+7
368 9.10298E+14 9.80326E+7
368 1.20679E+15 9.80326E+7
368 1.59986E+15 9.80326E+7
368 2.12095E+15 9.80326E+7
368 2.81177E+15 9.80326E+7
368 3.72759E+15 9.80326E+7
368 4.94171E+15 9.80326E+7
368 6.55129E+15 9.80326E+7
368 8.68511E+15 9.80326E+7
368 1.15140E+16 9.80326E+7
368 1.52642E+16 9.80326E+7
368 2.02359E+16 9.80326E+7
368 2.68270E+16 9.80326E+7
368 3.55648E+16 9.80326E+7
368 4.71487E+16 9.80326E+7
368 6.25055E+16 9.80326E+7
368 8.28643E+16 9.80326E+7
368 1.09854E+17 9.80326E+7
368 1.45635E+17 9.80326E+7
368 1.93070E+17 9.80326E+7
368 2.55955E+17 9.80326E+7
368 3.39322E+17 9.80326E+7
368 4.49843E+17 9.80326E+7
368 5.96362E+17 9.80326E+7
368 7.90604E+17 9.80326E+7
368 1.04811E+18 9.80326E+7
368 1.38950E+18 9.80326E+7
368 1.84207E+18 9.80326E+7
368 2.44205E+18 9.80326E+7
368 3.23746E+18 9.80326E+7
368 4.29193E+18 9.80326E+7
368 5.68987E+18 9.80326E+7
368 7.54312E+18 9.80326E+7
368 1.00000E+19 9.80326E+7
374 1.00000E+13 7.29731E+7
374 1.32571E+13 7.29731E+7
374 1.75751E+13 7.29731E+7
374 2.32995E+13 7.29731E+7
374 3.08884E+13 7.29731E+7
374 4.09492E+13 7.29731E+7
374 5.42868E+13 7.29731E+7
374 7.19686E+13 7.29731E+7
374 9.54095E+13 7.29731E+7
374 1.26486E+14 7.29731E+7
374 1.67683E+14 7.29731E+7
374 2.22300E+14 7.29731E+7
374 2.94705E+14 7.29731E+7
374 3.90694E+14 7.29731E+7
374 5.17947E+14 7.29731E+7
374 6.86649E+14 7.29731E+7
374 9.10298E+14 7.29731E+7
374 1.20679E+15 7.29731E+7
374 1.59986E+15 7.29731E+7
374 2.12095E+15 7.29731E+7
374 2.81177E+15 7.29731E+7
374 3.72759E+15 7.29731E+7
374 4.94171E+15 7.29731E+7
374 6.55129E+15 7.29731E+7
374 8.68511E+15 7.29731E+7
374 1.15140E+16 7.29731E+7
374 1.52642E+16 7.29731E+7
374 2.02359E+16 7.29731E+7
374 2.68270E+16 7.29731E+7
374 3.55648E+16 7.29731E+7
374 4.71487E+16 7.29731E+7
374 6.25055E+16 7.29731E+7
374 8.28643E+16 7.29731E+7
374 1.09854E+17 7.29731E+7
374 1.45635E+17 7.29731E+7
374 1.93070E+17 7.29731E+7
374 2.55955E+17 7.29731E+7
374 3.39322E+17 7.29731E+7
374 4.49843E+17 7.29731E+7
374 5.96362E+17 7.29731E+7
374 7.90604E+17 7.29731E+7
374 1.04811E+18 7.29731E+7
374 1.38950E+18 7.29731E+7
374 1.84207E+18 7.29731E+7
374 2.44205E+18 7.29731E+7
374 3.23746E+18 7.29731E+7
374 4.29193E+18 7.29731E+7
374 5.68987E+18 7.29731E+7
374 7.54312E+18 7.29731E+7
374 1.00000E+19 7.29731E+7
380 1.00000E+13 5.48287E+7
380 1.32571E+13 5.48287E+7
380 1.75751E+13 5.48287E+7
380 2.32995E+13 5.48287E+7
380 3.08884E+13 5.48287E+7
380 4.09492E+13 5.48287E+7
380 5.42868E+13 5.48287E+7
380 7.19686E+13 5.48287E+7
380 9.54095E+13 5.48287E+7
380 1.26486E+14 5.48287E+7
380 1.67683E+14 5.48287E+7
380 2.22300E+14 5.48287E+7
380 2.94705E+14 5.48287E+7
380 3.90694E+14 5.48287E+7
380 5.17947E+14 5.48287E+7
380 6.86649E+14 5.48287E+7
380 9.10298E+14 5.48287E+7
380 1.20679E+15 5.48287E+7
380 1.59986E+15 5.48287E+7
380 2.12095E+15 5.48287E+7
380 2.81177E+15 5.48287E+7
380 3.72759E+15 5.48287E+7
380 4.94171E+15 5.48287E+7
380 6.55129E+15 5.48287E+7
380 8.68511E+15 5.48287E+7
380 1.15140E+16 5.48287E+7
380 1.52642E+16 5.48287E+7
380 2.02359E+16 5.48287E+7
380 2.68270E+16 5.48287E+7
380 3.55648E+16 5.48287E+7
380 4.71487E+16 5.48287E+7
380 6.25055E+16 5.48287E+7
380 8.28643E+16 5.48287E+7
380 1.09854E+17 5.48287E+7
380 1.45635E+17 5.48287E+7
380 1.93070E+17 5.48287E+7
380 2.55955E+17 5.48287E+7
380 3.39322E+17 5.48287E+7
380 4.49843E+17 5.48287E+7
380 5.96362E+17 5.48287E+7
380 7.90604E+17 5.48287E+7
380 1.04811E+18 5.48287E+7
380 1.38950E+18 5.48287E+7
380 1.84207E+18 5.48287E+7
380 2.44205E+18 5.48287E+7
380 3.23746E+18 5.48287E+7
380 4.29193E+18 5.48287E+7
380 5.68987E+18 5.48287E+7
380 7.54312E+18 5.48287E+7
380 1.00000E+19 5.48287E+7
386 1.00000E+13 4.15639E+7
386 1.32571E+13 4.15639E+7
386 1.75751E+13 4.15639E+7
386 2.32995E+13 4.15639E+7
386 3.08884E+13 4.15639E+7
386 4.09492E+13 4.15639E+7
386 5.42868E+13 4.15639E+7
386 7.19686E+13 4.15639E+7
386 9.54095E+13 4.15639E+7
386 1.26486E+14 4.15639E+7
386 1.67683E+14 4.15639E+7
386 2.22300E+14 4.15639E+7
386 2.94705E+14 4.15639E+7
386 3.90694E+14 4.15639E+7
386 5.17947E+14 4.15639E+7
386 6.86649E+14 4.15639E+7
386 9.10298E+14 4.15639E+7
386 1.20679E+15 4.15639E+7
386 1.59986E+15 4.15639E+7
386 2.12095E+15 4.15639E+7
386 2.81177E+15 4.15639E+7
386 3.72759E+15 4.15639E+7
386 4.94171E+15 4.15639E+7
386 6.55129E+15 4.15639E+7
386 8.68511E+15 4.15639E+7
386 1.15140E+16 4.15639E+7
386 1.52642E+16 4.15639E+7
386 2.02359E+16 4.15639E+7
386 2.68270E+16 4.15639E+7
386 3.55648E+16 4.15639E+7
386 4.71487E+16 4.15639E+7
386 6.25055E+16 4.15639E+7
386 8.28643E+16 4.15639E+7
386 1.09854E+17 4.15639E+7
386 1.45635E+17 4.15639E+7
386 1.93070E+17 4.15639E+7
386 2.55955E+17 4.15639E+7
386 3.39322E+17 4.15639E+7
386 4.49843E+17 4.15639E+7
386 5.96362E+17 4.15639E+7
386 7.90604E+17 4.15639E+7
386 1.04811E+18 4.15639E+7
386 1.38950E+18 4.15639E+7
386 1.84207E+18 4.15639E+7
386 2.44205E+18 4.15639E+7
386 3.23746E+18 4.15639E+7
386 4.29193E+18 4.15639E+7
386 5.68987E+18 4.15639E+7
386 7.54312E+18 4.15639E+7
386 1.00000E+19 4.15639E+7
392 1.00000E+13 3.17770E+7
392 1.32571E+13 3.17770E+7
392 1.75751E+13 3.17770E+7
392 2.32995E+13 3.17770E+7
392 3.08884E+13 3.17770E+7
392 4.09492E+13 3.17770E+7
392 5.42868E+13 3.17770E+7
392 7.19686E+13 3.17770E+7
392 9.54095E+13 3.17770E+7
392 1.26486E+14 3.17770E+7
392 1.67683E+14 3.17770E+7
392 2.22300E+14 3.17770E+7
392 2.94705E+14 3.17770E+7
392 3.90694E+14 3.17770E+7
392 5.17947E+14 3.17770E+7
392 6.86649E+14 3.17770E+7
392 9.10298E+14 3.17770E+7
392 1.20679E+15 3.17770E+7
392 1.59986E+15 3.17770E+7
392 2.12095E+15 3.17770E+7
392 2.81177E+15 3.17770E+7
392 3.72759E+15 3.17770E+7
392 4.94171E+15 3.17770E+7
392 6.55129E+15 3.17770E+7
392 8.68511E+15 3.17770E+7
392 1.15140E+16 3.17770E+7
392 1.52642E+16 3.17770E+7
392 2.02359E+16 3.17770E+7
392 2.68270E+16 3.17770E+7
392 3.55648E+16 3.17770E+7
392 4.71487E+16 3.17770E+7
392 6.25055E+16 3.17770E+7
392 8.28643E+16 3.17770E+7
392 1.09854E+17 3.17770E+7
392 1.45635E+17 3.17770E+7
392 1.93070E+17 3.17770E+7
392 2.55955E+17 3.17770E+7
392 3.39322E+17 3.17770E+7
392 4.49843E+17 3.17770E+7
392 5.96362E+17 3.17770E+7
392 7.90604E+17 3.17770E+7
392 1.04811E+18 3.17770E+7
392 1.38950E+18 3.17770E+7
392 1.84207E+18 3.17770E+7
392 2.44205E+18 3.17770E+7
392 3.23746E+18 3.17770E+7
392 4.29193E+18 3.17770E+7
392 5.68987E+18 3.17770E+7
392 7.54312E+18 3.17770E+7
392 1.00000E+19 3.17770E+7
398 1.00000E+13 2.44923E+7
398 1.32571E+13 2.44923E+7
398 1.75751E+13 2.44923E+7
398 2.32995E+13 2.44923E+7
398 3.08884E+13 2.44923E+7
398 4.09492E+13 2.44923E+7
398 5.42868E+13 2.44923E+7
398 7.19686E+13 2.44923E+7
398 9.54095E+13 2.44923E+7
398 1.26486E+14 2.44923E+7
398 1.67683E+14 2.44923E+7
398 2.22300E+14 2.44923E+7
398 2.94705E+14 2.44923E+7
398 3.90694E+14 2.44923E+7
398 5.17947E+14 2.44923E+7
398 6.86649E+14 2.44923E+7
398 9.10298E+14 2.44923E+7
398 1.20679E+15 2.44923E+7
398 1.59986E+15 2.44923E+7
398 2.12095E+15 2.44923E+7
398 2.81177E+15 2.44923E+7
398 3.72759E+15 2.44923E+7
398 4.94171E+15 2.44923E+7
398 6.55129E+15 2.44923E+7
398 8.68511E+15 2.44923E+7
398 1.15140E+16 2.44923E+7
398 1.52642E+16 2.44923E+7
398 2.02359E+16 2.44923E+7
398 2.68270E+16 2.44923E+7
398 3.55648E+16 2.44923E+7
398 4.71487E+16 2.44923E+7
398 6.25055E+16 2.44923E+7
398 8.28643E+16 2.44923E+7
398 1.09854E+17 2.44923E+7
398 1.45635E+17 2.44923E+7
398 1.93070E+17 2.44923E+7
398 2.55955E+17 2.44923E+7
398 3.39322E+17 2.44923E+7
398 4.49843E+17 2.44923E+7
398 5.96362E+17 2.44923E+7
398 7.90604E+17 2.44923E+7
398 1.04811E+18 2.44923E+7
398 1.38950E+18 2.44923E+7
398 1.84207E+18 2.44923E+7
398 2.44205E+18 2.44923E+7
398 3.23746E+18 2.44923E+7
398 4.29193E+18 2.44923E+7
398 5.68987E+18 2.44923E+7
398 7.54312E+18 2.44923E+7
398 1.00000E+19 2.44923E+7
404 1.00000E+13 1.90244E+7
404 1.32571E+13 1.90244E+7
404 1.75751E+13 1.90244E+7
404 2.32995E+13 1.90244E+7
404 3.08884E+13 1.90244E+7
404 4.09492E+13 1.90244E+7
404 5.42868E+13 1.90244E+7
404 7.19686E+13 1.90244E+7
404 9.54095E+13 1.90244E+7
404 1.26486E+14 1.90244E+7
404 1.67683E+14 1.90244E+7
404 2.22300E+14 1.90244E+7
404 2.94705E+14 1.90244E+7
404 3.90694E+14 1.90244E+7
404 5.17947E+14 1.90244E+7
404 6.86649E+14 1.90244E+7
404 9.10298E+14 1.90244E+7
404 1.20679E+15 1.90244E+7
404 1.59986E+15 1.90244E+7
404 2.12095E+15 1.90244E+7
404 2.81177E+15 1.90244E+7
404 3.72759E+15 1.90244E+7
404 4.94171E+15 1.90244E+7
404 6.55129E+15 1.90244E+7
404 8.68511E+15 1.90244E+7
404 1.15140E+16 1.90244E+7
404 1.52642E+16 1.90244E+7
404 2.02359E+16 1.90244E+7
404 2.68270E+16 1.90244E+7
404 3.55648E+16 1.90244E+7
404 4.71487E+16 1.90244E+7
404 6.25055E+16 1.90244E+7
404 8.28643E+16 1.90244E+7
404 1.09854E+17 1.90244E+7
404 1.45635E+17 1.90244E+7
404 1.93070E+17 1.90244E+7
404 2.55955E+17 1.90244E+7
404 3.39322E+17 1.90244E+7
404 4.49843E+17 1.90244E+7
404 5.96362E+17 1.90244E+7
404 7.90604E+17 1.90244E+7
404 1.04811E+18 1.90244E+7
404 1.38950E+18 1.90244E+7
404 1.84207E+18 1.90244E+7
404 2.44205E+18 1.90244E+7
404 3.23746E+18 1.90244E+7
404 4.29193E+18 1.90244E+7
404 5.68987E+18 1.90244E+7
404 7.54312E+18 1.90244E+7
404 1.00000E+19 1.90244E+7
410 1.00000E+13 1.48870E+7
410 1.32571E+13 1.48870E+7
410 1.75751E+13 1.48870E+7
410 2.32995E+13 1.48870E+7
410 3.08884E+13 1.48870E+7
410 4.09492E+13 1.48870E+7
410 5.42868E+13 1.48870E+7
410 7.19686E+13 1.48870E+7
410 9.54095E+13 1.48870E+7
410 1.26486E+14 1.48870E+7
410 1.67683E+14 1.48870E+7
410 2.22300E+14 1.48870E+7
410 2.94705E+14 1.48870E+7
410 3.90694E+14 1.48870E+7
410 5.17947E+14 1.48870E+7
410 6.86649E+14 1.48870E+7
410 9.10298E+14 1.48870E+7
410 1.20679E+15 1.48870E+7
410 1.59986E+15 1.48870E+7
410 2.12095E+15 1.48870E+7
410 2.81177E+15 1.48870E+7
410 3.72759E+15 1.48870E+7
410 4.94171E+15 1.48870E+7
410 6.55129E+15 1.48870E+7
410 8.68511E+15 1.48870E+7
410 1.15140E+16 1.48870E+7
410 1.52642E+16 1.48870E+7
410 2.02359E+16 1.48870E+7
410 2.68270E+16 1.48870E+7
410 3.55648E+16 1.48870E+7
410 4.71487E+16 1.48870E+7
410 6.25055E+16 1.48870E+7
410 8.28643E+16 1.48870E+7
410 1.09854E+17 1.48870E+7
410 1.45635E+17 1.48870E+7
410 1.93070E+17 1.48870E+7
410 2.55955E+17 1.48870E+7
410 3.39322E+17 1.48870E+7
410 4.49843E+17 1.48870E+7
410 5.96362E+17 1.48870E+7
410 7.90604E+17 1.48870E+7
410 1.04811E+18 1.48870E+7
410 1.38950E+18 1.48870E+7
410 1.84207E+18 1.48870E+7
410 2.44205E+18 1.48870E+7
410 3.23746E+18 1.48870E+7
410 4.29193E+18 1.48870E+7
410 5.68987E+18 1.48870E+7
410 7.54312E+18 1.48870E+7
410 1.00000E+19 1.48870E+7
416 1.00000E+13 1.17323E+7
416 1.32571E+13 1.17323E+7
416 1.75751E+13 1.17323E+7
416 2.32995E+13 1.17323E+7
416 3.08884E+13 1.17323E+7
416 4.09492E+13 1.17323E+7
416 5.42868E+13 1.17323E+7
416 7.19686E+13 1.17323E+7
416 9.54095E+13 1.17323E+7
416 1.26486E+14 1.17323E+7
416 1.67683E+14 1.17323E+7
416 2.22300E+14 1.17323E+7
416 2.94705E+14 1.17323E+7
416 3.90694E+14 1.17323E+7
416 5.17947E+14 1.17323E+7
416 6.86649E+14 1.17323E+7
416 9.10298E+14 1.17323E+7
416 1.20679E+15 1.17323E+7
416 1.59986E+15 1.17323E+7
416 2.12095E+15 1.17323E+7
416 2.81177E+15 1.17323E+7
416 3.72759E+15 1.17323E+7
416 4.94171E+15 1.17323E+7
416 6.55129E+15 1.17323E+7
416 8.68511E+15 1.17323E+7
416 1.15140E+16 1.17323E+7
416 1.52642E+16 1.17323E+7
416 2.02359E+16 1.17323E+7
416 2.68270E+16 1.17323E+7
416 3.55648E+16 1.17323E+7
416 4.71487E+16 1.17323E+7
416 6.25055E+16 1.17323E+7
416 8.28643E+16 1.17323E+7
416 1.09854E+17 1.17323E+7
416 1.45635E+17 1.17323E+7
416 1.93070E+17 1.17323E+7
416 2.55955E+17 1.17323E+7
416 3.39322E+17 1.17323E+7
416 4.49843E+17 1.17323E+7
416 5.96362E+17 1.17323E+7
416 7.90604E+17 1.17323E+7
416 1.04811E+18 1.17323E+7
416 1.38950E+18 1.17323E+7
416 1.84207E+18 1.17323E+7
416 2.44205E+18 1.17323E+7
416 3.23746E+18 1.17323E+7
416 4.29193E+18 1.17323E+7
416 5.68987E+18 1.17323E+7
416 7.54312E+18 1.17323E+7
416 1.00000E+19 1.17323E+7
422 1.00000E+13 9.30903E+6
422 1.32571E+13 9.30903E+6
422 1.75751E+13 9.30903E+6
422 2.32995E+13 9.30903E+6
422 3.08884E+13 9.30903E+6
422 4.09492E+13 9.30903E+6
422 5.42868E+13 9.30903E+6
422 7.19686E+13 9.30903E+6
422 9.54095E+13 9.30903E+6
422 1.26486E+14 9.30903E+6
422 1.67683E+14 9.30903E+6
422 2.22300E+14 9.30903E+6
422 2.94705E+14 9.30903E+6
422 3.90694E+14 9.30903E+6
422 5.17947E+14 9.30903E+6
422 6.86649E+14 9.30903E+6
422 9.10298E+14 9.30903E+6
422 1.20679E+15 9.30903E+6
422 1.59986E+15 9.30903E+6
422 2.12095E+15 9.30903E+6
422 2.81177E+15 9.30903E+6
422 3.72759E+15 9.30903E+6
422 4.94171E+15 9.30903E+6
422 6.55129E+15 9.30903E+6
422 8.68511E+15 9.30903E+6
422 1.15140E+16 9.30903E+6
422 1.52642E+16 9.30903E+6
422 2.02359E+16 9.30903E+6
422 2.68270E+16 9.30903E+6
422 3.55648E+16 9.30903E+6
422 4.71487E+16 9.30903E+6
422 6.25055E+16 9.30903E+6
422 8.28643E+16 9.30903E+6
422 1.09854E+17 9.30903E+6
422 1.45635E+17 9.30903E+6
422 1.93070E+17 9.30903E+6
422 2.55955E+17 9.30903E+6
422 3.39322E+17 9.30903E+6
422 4.49843E+17 9.30903E+6
422 5.96362E+17 9.30903E+6
422 7.90604E+17 9.30903E+6
422 1.04811E+18 9.30903E+6
422 1.38950E+18 9.30903E+6
422 1.84207E+18 9.30903E+6
422 2.44205E+18 9.30903E+6
422 3.23746E+18 9.30903E+6
422 4.29193E+18 9.30903E+6
422 5.68987E+18 9.30903E+6
422 7.54312E+18 9.30903E+6
422 1.00000E+19 9.30903E+6
428 1.00000E+13 7.43445E+6
428 1.32571E+13 7.43445E+6
428 1.75751E+13 7.43445E+6
428 2.32995E+13 7.43445E+6
428 3.08884E+13 7.43445E+6
428 4.09492E+13 7.43445E+6
428 5.42868E+13 7.43445E+6
428 7.19686E+13 7.43445E+6
428 9.54095E+13 7.43445E+6
428 1.26486E+14 7.43445E+6
428 1.67683E+14 7.43445E+6
428 2.22300E+14 7.43445E+6
428 2.94705E+14 7.43445E+6
428 3.90694E+14 7.43445E+6
428 5.17947E+14 7.43445E+6
428 6.86649E+14 7.43445E+6
428 9.10298E+14 7.43445E+6
428 1.20679E+15 7.43445E+6
428 1.59986E+15 7.43445E+6
428 2.12095E+15 7.43445E+6
428 2.81177E+15 7.43445E+6
428 3.72759E+15 7.43445E+6
428 4.94171E+15 7.43445E+6
428 6.55129E+15 7.43445E+6
428 8.68511E+15 7.43445E+6
428 1.15140E+16 7.43445E+6
428 1.52642E+16 7.43445E+6
428 2.02359E+16 7.43445E+6
428 2.68270E+16 7.43445E+6
428 3.55648E+16 7.43445E+6
428 4.71487E+16 7.43445E+6
428 6.25055E+16 7.43445E+6
428 8.28643E+16 7.43445E+6
428 1.09854E+17 7.43445E+6
428 1.45635E+17 7.43445E+6
428 1.93070E+17 7.43445E+6
428 2.55955E+17 7.43445E+6
428 3.39322E+17 7.43445E+6
428 4.49843E+17 7.43445E+6
428 5.96362E+17 7.43445E+6
428 7.90604E+17 7.43445E+6
428 1.04811E+18 7.43445E+6
428 1.38950E+18 7.43445E+6
428 1.84207E+18 7.43445E+6
428 2.44205E+18 7.43445E+6
428 3.23746E+18 7.43445E+6
428 4.29193E+18 7.43445E+6
428 5.68987E+18 7.43445E+6
428 7.54312E+18 7.43445E+6
428 1.00000E+19 7.43445E+6
434 1.00000E+13 5.97446E+6
434 1.32571E+13 5.97446E+6
434 1.75751E+13 5.97446E+6
434 2.32995E+13 5.97446E+6
434 3.08884E+13 5.97446E+6
434 4.09492E+13 5.97446E+6
434 5.42868E+13 5.97446E+6
434 7.19686E+13 5.97446E+6
434 9.54095E+13 5.97446E+6
434 1.26486E+14 5.97446E+6
434 1.67683E+14 5.97446E+6
434 2.22300E+14 5.97446E+6
434 2.94705E+14 5.97446E+6
434 3.90694E+14 5.97446E+6
434 5.17947E+14 5.97446E+6
434 6.86649E+14 5.97446E+6
434 9.10298E+14 5.97446E+6
434 1.20679E+15 5.97446E+6
434 1.59986E+15 5.97446E+6
434 2.12095E+15 5.97446E+6
434 2.81177E+15 5.97446E+6
434 3.72759E+15 5.97446E+6
434 4.94171E+15 5.97446E+6
434 6.55129E+15 5.97446E+6
434 8.68511E+15 5.97446E+6
434 1.15140E+16 5.97446E+6
434 1.52642E+16 5.97446E+6
434 2.02359E+16 5.97446E+6
434 2.68270E+16 5.97446E+6
434 3.55648E+16 5.97446E+6
434 4.71487E+16 5.97446E+6
434 6.25055E+16 5.97446E+6
434 8.28643E+16 5.97446E+6
434 1.09854E+17 5.97446E+6
434 1.45635E+17 5.97446E+6
434 1.93070E+17 5.97446E+6
434 2.55955E+17 5.97446E+6
434 3.39322E+17 5.97446E+6
434 4.49843E+17 5.97446E+6
434 5.96362E+17 5.97446E+6
434 7.90604E+17 5.97446E+6
434 1.04811E+18 5.97446E+6
434 1.38950E+18 5.97446E+6
434 1.84207E+18 5.97446E+6
434 2.44205E+18 5.97446E+6
434 3.23746E+18 5.97446E+6
434 4.29193E+18 5.97446E+6
434 5.68987E+18 5.97446E+6
434 7.54312E+18 5.97446E+6
434 1.00000E+19 5.97446E+6
440 1.00000E+13 4.82997E+6
440 1.32571E+13 4.82997E+6
440 1.75751E+13 4.82997E+6
440 2.32995E+13 4.82997E+6
440 3.08884E+13 4.82997E+6
440 4.09492E+13 4.82997E+6
440 5.42868E+13 4.82997E+6
440 7.19686E+13 4.82997E+6
440 9.54095E+13 4.82997E+6
440 1.26486E+14 4.82997E+6
440 1.67683E+14 4.82997E+6
440 2.22300E+14 4.82997E+6
440 2.94705E+14 4.82997E+6
440 3.90694E+14 4.82997E+6
440 5.17947E+14 4.82997E+6
440 6.86649E+14 4.82997E+6
440 9.10298E+14 4.82997E+6
440 1.20679E+15 4.82997E+6
440 1.59986E+15 4.82997E+6
440 2.12095E+15 4.82997E+6
440 2.81177E+15 4.82997E+6
440 3.72759E+15 4.82997E+6
440 4.94171E+15 4.82997E+6
440 6.55129E+15 4.82997E+6
440 8.68511E+15 4.82997E+6
440 1.15140E+16 4.82997E+6
440 1.52642E+16 4.82997E+6
440 2.02359E+16 4.82997E+6
440 2.68270E+16 4.82997E+6
440 3.55648E+16 4.82997E+6
440 4.71487E+16 4.82997E+6
440 6.25055E+16 4.82997E+6
440 8.28643E+16 4.82997E+6
440 1.09854E+17 4.82997E+6
440 1.45635E+17 4.82997E+6
440 1.93070E+17 4.82997E+6
440 2.55955E+17 4.82997E+6
440 3.39322E+17 4.82997E+6
440 4.49843E+17 4.82997E+6
440 5.96362E+17 4.82997E+6
440 7.90604E+17 4.82997E+6
440 1.04811E+18 4.82997E+6
440 1.38950E+18 4.82997E+6
440 1.84207E+18 4.82997E+6
440 2.44205E+18 4.82997E+6
440 3.23746E+18 4.82997E+6
440 4.29193E+18 4.82997E+6
440 5.68987E+18 4.82997E+6
440 7.54312E+18 4.82997E+6
440 1.00000E+19 4.82997E+6
446 1.00000E+13 3.92717E+6
446 1.32571E+13 3.92717E+6
446 1.75751E+13 3.92717E+6
446 2.32995E+13 3.92717E+6
446 3.08884E+13 3.92717E+6
446 4.09492E+13 3.92717E+6
446 5.42868E+13 3.92717E+6
446 7.19686E+13 3.92717E+6
446 9.54095E+13 3.92717E+6
446 1.26486E+14 3.92717E+6
446 1.67683E+14 3.92717E+6
446 2.22300E+14 3.92717E+6
446 2.94705E+14 3.92717E+6
446 3.90694E+14 3.92717E+6
446 5.17947E+14 3.92717E+6
446 6.86649E+14 3.92717E+6
446 9.10298E+14 3.92717E+6
446 1.20679E+15 3.92717E+6
446 1.59986E+15 3.92717E+6
446 2.12095E+15 3.92717E+6
446 2.81177E+15 3.92717E+6
446 3.72759E+15 3.92717E+6
446 4.94171E+15 3.92717E+6
446 6.55129E+15 3.92717E+6
446 8.68511E+15 3.92717E+6
446 1.15140E+16 3.92717E+6
446 1.52642E+16 3.92717E+6
446 2.02359E+16 3.92717E+6
446 2.68270E+16 3.92717E+6
446 3.55648E+16 3.92717E+6
446 4.71487E+16 3.92717E+6
446 6.25055E+16 3.92717E+6
446 8.28643E+16 3.92717E+6
446 1.09854E+17 3.92717E+6
446 1.45635E+17 3.92717E+6
446 1.93070E+17 3.92717E+6
446 2.55955E+17 3.92717E+6
446 3.39322E+17 3.92717E+6
446 4.49843E+17 3.92717E+6
446 5.96362E+17 3.92717E+6
446 7.90604E+17 3.92717E+6
446 1.04811E+18 3.92717E+6
446 1.38950E+18 3.92717E+6
446 1.84207E+18 3.92717E+6
446 2.44205E+18 3.92717E+6
446 3.23746E+18 3.92717E+6
446 4.29193E+18 3.92717E+6
446 5.68987E+18 3.92717E+6
446 7.54312E+18 3.92717E+6
446 1.00000E+19 3.92717E+6
452 1.00000E+13 3.21076E+6
452 1.32571E+13 3.21076E+6
452 1.75751E+13 3.21076E+6
452 2.32995E+13 3.21076E+6
452 3.08884E+13 3.21076E+6
452 4.09492E+13 3.21076E+6
452 5.42868E+13 3.21076E+6
452 7.19686E+13 3.21076E+6
452 9.54095E+13 3.21076E+6
452 1.26486E+14 3.21076E+6
452 1.67683E+14 3.21076E+6
452 2.22300E+14 3.21076E+6
452 2.94705E+14 3.21076E+6
452 3.90694E+14 3.21076E+6
452 5.17947E+14 3.21076E+6
452 6.86649E+14 3.21076E+6
452 9.10298E+14 3.21076E+6
452 1.20679E+15 3.21076E+6
452 1.59986E+15 3.21076E+6
452 2.12095E+15 3.21076E+6
452 2.81177E+15 3.21076E+6
452 3.72759E+15 3.21076E+6
452 4.94171E+15 3.21076E+6
452 6.55129E+15 3.21076E+6
452 8.68511E+15 3.21076E+6
452 1.15140E+16 3.21076E+6
452 1.52642E+16 3.21076E+6
452 2.02359E+16 3.21076E+6
452 2.68270E+16 3.21076E+6
452 3.55648E+16 3.21076E+6
452 4.71487E+16 3.21076E+6
452 6.25055E+16 3.21076E+6
452 8.28643E+16 3.21076E+6
452 1.09854E+17 3.21076E+6
452 1.45635E+17 3.21076E+6
452 1.93070E+17 3.21076E+6
452 2.55955E+17 3.21076E+6
452 3.39322E+17 3.21076E+6
452 4.49843E+17 3.21076E+6
452 5.96362E+17 3.21076E+6
452 7.90604E+17 3.21076E+6
452 1.04811E+18 3.21076E+6
452 1.38950E+18 3.21076E+6
452 1.84207E+18 3.21076E+6
452 2.44205E+18 3.21076E+6
452 3.23746E+18 3.21076E+6
452 4.29193E+18 3.21076E+6
452 5.68987E+18 3.21076E+6
452 7.54312E+18 3.21076E+6
452 1.00000E+19 3.21076E+6
458 1.00000E+13 2.63896E+6
458 1.32571E+13 2.63896E+6
458 1.75751E+13 2.63896E+6
458 2.32995E+13 2.63896E+6
458 3.08884E+13 2.63896E+6
458 4.09492E+13 2.63896E+6
458 5.42868E+13 2.63896E+6
458 7.19686E+13 2.63896E+6
458 9.54095E+13 2.63896E+6
458 1.26486E+14 2.63896E+6
458 1.67683E+14 2.63896E+6
458 2.22300E+14 2.63896E+6
458 2.94705E+14 2.63896E+6
458 3.90694E+14 2.63896E+6
458 5.17947E+14 2.63896E+6
458 6.86649E+14 2.63896E+6
458 9.10298E+14 2.63896E+6
458 1.20679E+15 2.63896E+6
458 1.59986E+15 2.63896E+6
458 2.12095E+15 2.63896E+6
458 2.81177E+15 2.63896E+6
458 3.72759E+15 2.63896E+6
458 4.94171E+15 2.63896E+6
458 6.55129E+15 2.63896E+6
458 8.68511E+15 2.63896E+6
458 1.15140E+16 2.63896E+6
458 1.52642E+16 2.63896E+6
458 2.02359E+16 2.63896E+6
458 2.68270E+16 2.63896E+6
458 3.55648E+16 2.63896E+6
458 4.71487E+16 2.63896E+6
458 6.25055E+16 2.63896E+6
458 8.28643E+16 2.63896E+6
458 1.09854E+17 2.63896E+6
458 1.45635E+17 2.63896E+6
458 1.93070E+17 2.63896E+6
458 2.55955E+17 2.63896E+6
458 3.39322E+17 2.63896E+6
458 4.49843E+17 2.63896E+6
458 5.96362E+17 2.63896E+6
458 7.90604E+17 2.63896E+6
458 1.04811E+18 2.63896E+6
458 1.38950E+18 2.63896E+6
458 1.84207E+18 2.63896E+6
458 2.44205E+18 2.63896E+6
458 3.23746E+18 2.63896E+6
458 4.29193E+18 2.63896E+6
458 5.68987E+18 2.63896E+6
458 7.54312E+18 2.63896E+6
458 1.00000E+19 2.63896E+6
464 1.00000E+13 2.18005E+6
464 1.32571E+13 2.18005E+6
464 1.75751E+13 2.18005E+6
464 2.32995E+13 2.18005E+6
464 3.08884E+13 2.18005E+6
464 4.09492E+13 2.18005E+6
464 5.42868E+13 2.18005E+6
464 7.19686E+13 2.18005E+6
464 9.54095E+13 2.18005E+6
464 1.26486E+14 2.18005E+6
464 1.67683E+14 2.18005E+6
464 2.22300E+14 2.18005E+6
464 2.94705E+14 2.18005E+6
464 3.90694E+14 2.18005E+6
464 5.17947E+14 2.18005E+6
464 6.86649E+14 2.18005E+6
464 9.10298E+14 2.18005E+6
464 1.20679E+15 2.18005E+6
464 1.59986E+15 2.18005E+6
464 2.12095E+15 2.18005E+6
464 2.81177E+15 2.18005E+6
464 3.72759E+15 2.18005E+6
464 4.94171E+15 2.18005E+6
464 6.55129E+15 2.18005E+6
464 8.68511E+15 2.18005E+6
464 1.15140E+16 2.18005E+6
464 1.52642E+16 2.18005E+6
464 2.02359E+16 2.18005E+6
464 2.68270E+16 2.18005E+6
464 3.55648E+16 2.18005E+6
464 4.71487E+16 2.18005E+6
464 6.25055E+16 2.18005E+6
464 8.28643E+16 2.18005E+6
464 1.09854E+17 2.18005E+6
464 1.45635E+17 2.18005E+6
464 1.93070E+17 2.18005E+6
464 2.55955E+17 2.18005E+6
464 3.39322E+17 2.18005E+6
464 4.49843E+17 2.18005E+6
464 5.96362E+17 2.18005E+6
464 7.90604E+17 2.18005E+6
464 1.04811E+18 2.18005E+6
464 1.38950E+18 2.18005E+6
464 1.84207E+18 2.18005E+6
464 2.44205E+18 2.18005E+6
464 3.23746E+18 2.18005E+6
464 4.29193E+18 2.18005E+6
464 5.68987E+18 2.18005E+6
464 7.54312E+18 2.18005E+6
464 1.00000E+19 2.18005E+6
470 1.00000E+13 1.80977E+6
470 1.32571E+13 1.80977E+6
470 1.75751E+13 1.80977E+6
470 2.32995E+13 1.80977E+6
470 3.08884E+13 1.80977E+6
470 4.09492E+13 1.80977E+6
470 5.42868E+13 1.80977E+6
470 7.19686E+13 1.80977E+6
470 9.54095E+13 1.80977E+6
470 1.26486E+14 1.80977E+6
470 1.67683E+14 1.80977E+6
470 2.22300E+14 1.80977E+6
470 2.94705E+14 1.80977E+6
470 3.90694E+14 1.80977E+6
470 5.17947E+14 1.80977E+6
470 6.86649E+14 1.80977E+6
470 9.10298E+14 1.80977E+6
470 1.20679E+15 1.80977E+6
470 1.59986E+15 1.80977E+6
470 2.12095E+15 1.80977E+6
470 2.81177E+15 1.80977E+6
470 3.72759E+15 1.80977E+6
470 4.94171E+15 1.80977E+6
470 6.55129E+15 1.80977E+6
470 8.68511E+15 1.80977E+6
470 1.15140E+16 1.80977E+6
470 1.52642E+16 1.80977E+6
470 2.02359E+16 1.80977E+6
470 2.68270E+16 1.80977E+6
470 3.55648E+16 1.80977E+6
470 4.71487E+16 1.80977E+6
470 6.25055E+16 1.80977E+6
470 8.28643E+16 1.80977E+6
470 1.09854E+17 1.80977E+6
470 1.45635E+17 1.80977E+6
470 1.93070E+17 1.80977E+6
470 2.55955E+17 1.80977E+6
470 3.39322E+17 1.80977E+6
470 4.49843E+17 1.80977E+6
470 5.96362E+17 1.80977E+6
470 7.90604E+17 1.80977E+6
470 1.04811E+18 1.80977E+6
470 1.38950E+18 1.80977E+6
470 1.84207E+18 1.80977E+6
470 2.44205E+18 1.80977E+6
470 3.23746E+18 1.80977E+6
470 4.29193E+18 1.80977E+6
470 5.68987E+18 1.80977E+6
470 7.54312E+18 1.80977E+6
470 1.00000E+19 1.80977E+6
476 1.00000E+13 1.50947E+6
476 1.32571E+13 1.50947E+6
476 1.75751E+13 1.50947E+6
476 2.32995E+13 1.50947E+6
476 3.08884E+13 1.50947E+6
476 4.09492E+13 1.50947E+6
476 5.42868E+13 1.50947E+6
476 7.19686E+13 1.50947E+6
476 9.54095E+13 1.50947E+6
476 1.26486E+14 1.50947E+6
476 1.67683E+14 1.50947E+6
476 2.22300E+14 1.50947E+6
476 2.94705E+14 1.50947E+6
476 3.90694E+14 1.50947E+6
476 5.17947E+14 1.50947E+6
476 6.86649E+14 1.50947E+6
476 9.10298E+14 1.50947E+6
476 1.20679E+15 1.50947E+6
476 1.59986E+15 1.50947E+6
476 2.12095E+15 1.50947E+6
476 2.81177E+15 1.50947E+6
476 3.72759E+15 1.50947E+6
476 4.94171E+15 1.50947E+6
476 6.55129E+15 1.50947E+6
476 8.68511E+15 1.50947E+6
476 1.15140E+16 1.50947E+6
476 1.52642E+16 1.50947E+6
476 2.02359E+16 1.50947E+6
476 2.68270E+16 1.50947E+6
476 3.55648E+16 1.50947E+6
476 4.71487E+16 1.50947E+6
476 6.25055E+16 1.50947E+6
476 8.28643E+16 1.50947E+6
476 1.09854E+17 1.50947E+6
476 1.45635E+17 1.50947E+6
476 1.93070E+17 1.50947E+6
476 2.55955E+17 1.50947E+6
476 3.39322E+17 1.50947E+6
476 4.49843E+17 1.50947E+6
476 5.96362E+17 1.50947E+6
476 7.90604E+17 1.50947E+6
476 1.04811E+18 1.50947E+6
476 1.38950E+18 1.50947E+6
476 1.84207E+18 1.50947E+6
476 2.44205E+18 1.50947E+6
476 3.23746E+18 1.50947E+6
476 4.29193E+18 1.50947E+6
476 5.68987E+18 1.50947E+6
476 7.54312E+18 1.50947E+6
476 1.00000E+19 1.50947E+6
482 1.00000E+13 1.26471E+6
482 1.32571E+13 1.26471E+6
482 1.75751E+13 1.26471E+6
482 2.32995E+13 1.26471E+6
482 3.08884E+13 1.26471E+6
482 4.09492E+13 1.26471E+6
482 5.42868E+13 1.26471E+6
482 7.19686E+13 1.26471E+6
482 9.54095E+13 1.26471E+6
482 1.26486E+14 1.26471E+6
482 1.67683E+14 1.26471E+6
482 2.22300E+14 1.26471E+6
482 2.94705E+14 1.26471E+6
482 3.90694E+14 1.26471E+6
482 5.17947E+14 1.26471E+6
482 6.86649E+14 1.26471E+6
482 9.10298E+14 1.26471E+6
482 1.20679E+15 1.26471E+6
482 1.59986E+15 1.26471E+6
482 2.12095E+15 1.26471E+6
482 2.81177E+15 1.26471E+6
482 3.72759E+15 1.26471E+6
482 4.94171E+15 1.26471E+6
482 6.55129E+15 1.26471E+6
482 8.68511E+15 1.26471E+6
482 1.15140E+16 1.26471E+6
482 1.52642E+16 1.26471E+6
482 2.02359E+16 1.26471E+6
482 2.68270E+16 1.26471E+6
482 3.55648E+16 1.26471E+6
482 4.71487E+16 1.26471E+6
482 6.25055E+16 1.26471E+6
482 8.28643E+16 1.26471E+6
482 1.09854E+17 1.26471E+6
482 1.45635E+17 1.26471E+6
482 1.93070E+17 1.26471E+6
482 2.55955E+17 1.26471E+6
482 3.39322E+17 1.26471E+6
482 4.49843E+17 1.26471E+6
482 5.96362E+17 1.26471E+6
482 7.90604E+17 1.26471E+6
482 1.04811E+18 1.26471E+6
482 1.38950E+18 1.26471E+6
482 1.84207E+18 1.26471E+6
482 2.44205E+18 1.26471E+6
482 3.23746E+18 1.26471E+6
482 4.29193E+18 1.26471E+6
482 5.68987E+18 1.26471E+6
482 7.54312E+18 1.26471E+6
482 1.00000E+19 1.26471E+6
488 1.00000E+13 1.06427E+6
488 1.32571E+13 1.06427E+6
488 1.75751E+13 1.06427E+6
488 2.32995E+13 1.06427E+6
488 3.08884E+13 1.06427E+6
488 4.09492E+13 1.06427E+6
488 5.42868E+13 1.06427E+6
488 7.19686E+13 1.06427E+6
488 9.54095E+13 1.06427E+6
488 1.26486E+14 1.06427E+6
488 1.67683E+14 1.06427E+6
488 2.22300E+14 1.06427E+6
488 2.94705E+14 1.06427E+6
488 3.90694E+14 1.06427E+6
488 5.17947E+14 1.06427E+6
488 6.86649E+14 1.06427E+6
488 9.10298E+14 1.06427E+6
488 1.20679E+15 1.06427E+6
488 1.59986E+15 1.06427E+6
488 2.12095E+15 1.06427E+6
488 2.81177E+15 1.06427E+6
488 3.72759E+15 1.06427E+6
488 4.94171E+15 1.06427E+6
488 6.55129E+15 1.06427E+6
488 8.68511E+15 1.06427E+6
488 1.15140E+16 1.06427E+6
488 1.52642E+16 1.06427E+6
488 2.02359E+16 1.06427E+6
488 2.68270E+16 1.06427E+6
488 3.55648E+16 1.06427E+6
488 4.71487E+16 1.06427E+6
488 6.25055E+16 1.06427E+6
488 8.28643E+16 1.06427E+6
488 1.09854E+17 1.06427E+6
488 1.45635E+17 1.06427E+6
488 1.93070E+17 1.06427E+6
488 2.55955E+17 1.06427E+6
488 3.39322E+17 1.06427E+6
488 4.49843E+17 1.06427E+6
488 5.96362E+17 1.06427E+6
488 7.90604E+17 1.06427E+6
488 1.04811E+18 1.06427E+6
488 1.38950E+18 1.06427E+6
488 1.84207E+18 1.06427E+6
488 2.44205E+18 1.06427E+6
488 3.23746E+18 1.06427E+6
488 4.29193E+18 1.06427E+6
488 5.68987E+18 1.06427E+6
488 7.54312E+18 1.06427E+6
488 1.00000E+19 1.06427E+6
494 1.00000E+13 8.99376E+5
494 1.32571E+13 8.99376E+5
494 1.75751E+13 8.99376E+5
494 2.32995E+13 8.99376E+5
494 3.08884E+13 8.99376E+5
494 4.09492E+13 8.99376E+5
494 5.42868E+13 8.99376E+5
494 7.19686E+13 8.99376E+5
494 9.54095E+13 8.99376E+5
494 1.26486E+14 8.99376E+5
494 1.67683E+14 8.99376E+5
494 2.22300E+14 8.99376E+5
494 2.94705E+14 8.99376E+5
494 3.90694E+14 8.99376E+5
494 5.17947E+14 8.99376E+5
494 6.86649E+14 8.99376E+5
494 9.10298E+14 8.99376E+5
494 1.20679E+15 8.99376E+5
494 1.59986E+15 8.99376E+5
494 2.12095E+15 8.99376E+5
494 2.81177E+15 8.99376E+5
494 3.72759E+15 8.99376E+5
494 4.94171E+15 8.99376E+5
494 6.55129E+15 8.99376E+5
494 8.68511E+15 8.99376E+5
494 1.15140E+16 8.99376E+5
494 1.52642E+16 8.99376E+5
494 2.02359E+16 8.99376E+5
494 2.68270E+16 8.99376E+5
494 3.55648E+16 8.99376E+5
494 4.71487E+16 8.99376E+5
494 6.25055E+16 8.99376E+5
494 8.28643E+16 8.99376E+5
494 1.09854E+17 8.99376E+5
494 1.45635E+17 8.99376E+5
494 1.93070E+17 8.99376E+5
494 2.55955E+17 8.99376E+5
494 3.39322E+17 8.99376E+5
494 4.49843E+17 8.99376E+5
494 5.96362E+17 8.99376E+5
494 7.90604E+17 8.99376E+5
494 1.04811E+18 8.99376E+5
494 1.38950E+18 8.99376E+5
494 1.84207E+18 8.99376E+5
494 2.44205E+18 8.99376E+5
494 3.23746E+18 8.99376E+5
494 4.29193E+18 8.99376E+5
494 5.68987E+18 8.99376E+5
494 7.54312E+18 8.99376E+5
494 1.00000E+19 8.99376E+5
500 1.00000E+13 7.63113E+5
500 1.32571E+13 7.63113E+5
500 1.75751E+13 7.63113E+5
500 2.32995E+13 7.63113E+5
500 3.08884E+13 7.63113E+5
500 4.09492E+13 7.63113E+5
500 5.42868E+13 7.63113E+5
500 7.19686E+13 7.63113E+5
500 9.54095E+13 7.63113E+5
500 1.26486E+14 7.63113E+5
500 1.67683E+14 7.63113E+5
500 2.22300E+14 7.63113E+5
500 2.94705E+14 7.63113E+5
500 3.90694E+14 7.63113E+5
500 5.17947E+14 7.63113E+5
500 6.86649E+14 7.63113E+5
500 9.10298E+14 7.63113E+5
500 1.20679E+15 7.63113E+5
500 1.59986E+15 7.63113E+5
500 2.12095E+15 7.63113E+5
500 2.81177E+15 7.63113E+5
500 3.72759E+15 7.63113E+5
500 4.94171E+15 7.63113E+5
500 6.55129E+15 7.63113E+5
500 8.68511E+15 7.63113E+5
500 1.15140E+16 7.63113E+5
500 1.52642E+16 7.63113E+5
500 2.02359E+16 7.63113E+5
500 2.68270E+16 7.63113E+5
500 3.55648E+16 7.63113E+5
500 4.71487E+16 7.63113E+5
500 6.25055E+16 7.63113E+5
500 8.28643E+16 7.63113E+5
500 1.09854E+17 7.63113E+5
500 1.45635E+17 7.63113E+5
500 1.93070E+17 7.63113E+5
500 2.55955E+17 7.63113E+5
500 3.39322E+17 7.63113E+5
500 4.49843E+17 7.63113E+5
500 5.96362E+17 7.63113E+5
500 7.90604E+17 7.63113E+5
500 1.04811E+18 7.63113E+5
500 1.38950E+18 7.63113E+5
500 1.84207E+18 7.63113E+5
500 2.44205E+18 7.63113E+5
500 3.23746E+18 7.63113E+5
500 4.29193E+18 7.63113E+5
500 5.68987E+18 7.63113E+5
500 7.54312E+18 7.63113E+5
500 1.00000E+19 7.63113E+5
