T(K) Nd(cm-3) Mu(cm2/Vs)
364 1.75456E+18 1.17855E+8
291 6.28554E+13 1.24840E+10
296 8.21790E+18 8.74018E+9
456 5.29299E+15 2.77201E+6
441 1.26166E+13 4.64502E+6
232 4.57350E+15 4.75310E+12
396 9.54686E+18 2.69037E+7
442 4.12965E+16 4.44044E+6
472 1.68769E+16 1.71441E+6
454 2.65141E+14 3.00809E+6
257 1.33255E+13 2.77158E+11
232 4.64479E+15 4.59073E+12
228 9.30989E+16 7.41101E+12
426 1.50106E+14 8.01473E+6
207 4.91165E+18 1.56687E+14
303 5.58660E+16 5.06125E+9
219 1.23291E+14 2.72314E+13
340 1.73846E+18 4.41149E+8
401 3.90117E+13 2.16454E+7
443 5.23964E+13 4.33394E+6
267 8.35849E+17 9.94229E+10
449 6.05345E+16 3.59882E+6
423 4.34530E+16 8.85834E+6
335 5.49041E+18 6.03746E+8
291 7.49526E+13 1.30702E+10
343 6.36046E+16 3.81996E+8
487 1.79433E+15 1.10652E+6
382 8.57731E+18 5.03285E+7
266 2.18304E+13 1.09772E+11
277 3.19028E+18 4.05285E+10
321 3.56316E+16 1.41783E+9
379 2.79082E+17 5.82085E+7
296 8.96493E+17 8.80032E+9
338 1.04266E+16 5.12681E+8
261 6.20360E+17 1.91677E+11
226 7.37254E+14 1.00557E+13
460 1.75712E+17 2.45138E+6
451 3.39428E+16 3.31708E+6
319 1.64819E+16 1.68007E+9
288 1.08727E+15 1.57696E+10
472 4.53821E+13 1.70559E+6
341 5.80004E+17 4.18586E+8
263 1.78853E+16 1.50467E+11
495 1.62728E+13 8.71003E+5
317 8.62750E+14 1.91237E+9
327 6.89830E+15 9.92958E+8
380 1.24624E+16 5.50439E+7
287 4.22264E+14 1.73594E+10
393 8.02518E+17 3.01391E+7
265 3.29811E+13 1.25224E+11
234 4.66408E+15 3.67390E+12
305 2.57101E+17 4.23373E+9
243 4.03030E+13 1.31637E+12
236 6.54493E+16 2.93234E+12
222 8.96227E+15 1.73867E+13
424 7.87049E+13 8.56054E+6
375 6.62064E+13 6.80243E+7
274 9.68649E+13 5.62251E+10
220 4.92037E+15 2.44576E+13
428 1.94817E+16 7.54601E+6
290 9.28251E+14 1.43870E+10
339 7.71679E+14 4.60878E+8
422 3.01991E+17 9.34106E+6
330 5.29021E+16 7.98155E+8
483 2.32190E+13 1.22913E+6
240 5.25129E+18 1.89009E+12
478 1.63294E+13 1.40199E+6
342 4.80802E+13 3.97497E+8
361 7.65355E+17 1.41864E+8
386 1.38245E+18 4.21935E+7
222 8.38683E+14 1.87955E+13
475 6.34223E+14 1.56679E+6
435 9.07607E+17 5.83555E+6
400 5.60151E+15 2.21512E+7
488 9.72057E+16 1.06859E+6
395 1.12182E+16 2.73084E+7
417 9.69183E+14 1.11179E+7
365 8.91173E+16 1.11387E+8
435 5.08434E+15 5.79698E+6
421 1.86172E+17 9.67885E+6
410 1.25792E+15 1.47732E+7
215 1.57628E+17 5.09821E+13
350 1.82984E+14 2.54125E+8
357 1.29467E+14 1.68969E+8
384 2.01491E+13 4.47831E+7
269 3.99857E+13 8.65385E+10
354 1.13147E+13 2.05036E+8
383 2.15006E+14 4.70937E+7
356 1.00622E+17 1.78533E+8
218 8.32165E+16 3.22018E+13
398 2.50386E+15 2.46135E+7
376 2.93893E+18 6.61606E+7
357 7.72426E+18 1.73712E+8
441 8.31986E+15 4.60716E+6
355 4.16193E+18 1.95876E+8
383 7.74774E+18 4.80934E+7
493 1.63145E+15 9.14545E+5
279 1.31100E+14 3.44776E+10
203 3.14777E+14 3.28035E+14
435 1.67259E+17 5.85977E+6
207 2.71732E+15 1.69025E+14
440 7.76863E+18 4.84324E+6
304 1.28647E+17 4.67489E+9
304 1.43804E+18 4.72817E+9
321 1.71336E+13 1.45593E+9
258 9.24678E+18 2.58968E+11
278 1.06546E+16 3.71254E+10
407 4.11147E+17 1.64810E+7
388 8.15684E+14 3.79995E+7
289 1.92951E+16 1.44043E+10
366 8.08900E+16 1.09762E+8
251 1.99194E+15 5.46007E+11
325 1.42904E+17 1.14756E+9
358 1.74245E+16 1.60735E+8
489 2.78227E+13 1.02844E+6
417 4.28657E+15 1.12865E+7
344 1.53073E+18 3.49315E+8
239 1.95161E+18 1.98441E+12
306 5.02876E+16 4.05640E+9
302 1.10431E+17 5.46210E+9
382 1.87794E+14 4.98429E+7
288 8.78030E+18 1.57584E+10
256 6.62225E+15 3.11143E+11
289 4.47385E+13 1.50397E+10
214 4.37172E+17 5.53827E+13
218 1.34047E+15 2.98772E+13
301 1.27205E+14 5.91668E+9
270 2.05107E+15 7.94509E+10
269 5.26326E+17 8.35492E+10
213 8.37612E+13 5.99308E+13
261 2.95127E+14 1.84098E+11
209 1.11822E+14 1.10284E+14
437 6.48115E+17 5.33918E+6
493 4.78877E+18 9.30424E+5
242 1.92387E+14 1.46658E+12
353 7.03170E+16 2.08668E+8
467 1.22533E+15 1.99454E+6
214 3.19431E+15 5.59734E+13
256 3.70935E+15 3.00586E+11
481 6.84415E+18 1.31999E+6
462 1.00519E+14 2.35395E+6
222 1.32005E+14 1.82514E+13
242 3.84899E+14 1.50205E+12
297 6.80472E+18 7.90674E+9
266 1.11981E+13 1.11148E+11
341 1.29341E+17 4.15918E+8
468 6.12340E+18 1.94177E+6
377 1.89058E+17 6.24102E+7
449 8.18994E+18 3.56020E+6
213 3.40221E+13 6.28188E+13
241 1.43099E+13 1.50381E+12
345 3.32711E+14 3.26710E+8
376 9.71359E+15 6.64219E+7
374 7.83350E+14 7.27091E+7
303 8.06210E+13 5.05039E+9
303 3.30174E+15 5.00372E+9
281 1.84955E+17 2.90802E+10
280 3.42175E+13 3.11306E+10
217 3.71870E+17 3.49054E+13
400 7.26157E+16 2.24957E+7
428 4.17253E+16 7.47419E+6
475 2.23603E+13 1.57128E+6
357 2.82654E+13 1.70679E+8
347 1.63688E+18 2.97102E+8
366 2.70652E+16 1.06179E+8
498 8.14099E+18 8.00366E+5
384 2.86875E+17 4.48114E+7
376 1.30093E+16 6.71266E+7
383 4.21333E+16 4.68204E+7
345 8.94038E+18 3.36680E+8
219 2.04286E+13 2.76419E+13
339 1.39808E+16 4.75386E+8
346 1.12100E+13 3.14950E+8
360 1.70130E+18 1.48149E+8
206 1.32849E+17 1.89447E+14
257 3.08787E+15 2.80837E+11
440 1.82165E+17 4.85213E+6
483 5.91906E+15 1.24136E+6
476 2.30387E+13 1.50392E+6
206 7.11629E+15 1.79090E+14
200 4.52292E+13 4.98526E+14
332 2.99501E+13 7.07578E+8
398 1.49947E+14 2.48699E+7
453 5.80119E+18 3.06881E+6
337 9.93814E+15 5.43951E+8
438 1.28659E+13 5.16102E+6
224 1.26533E+14 1.34746E+13
331 1.79480E+15 7.87622E+8
454 2.03289E+13 3.04159E+6
413 4.63963E+13 1.33227E+7
435 1.41813E+14 5.86313E+6
357 8.04385E+17 1.71859E+8
461 1.37570E+15 2.36154E+6
370 1.28765E+15 8.89895E+7
269 1.83657E+13 8.31732E+10
403 1.89019E+15 1.96574E+7
284 1.63092E+16 2.34501E+10
485 3.03457E+16 1.14884E+6
257 1.37948E+15 2.72751E+11
498 5.05236E+16 8.02406E+5
257 2.79565E+18 2.87923E+11
202 2.48209E+14 3.87281E+14
338 2.80302E+14 5.06634E+8
382 2.99415E+13 5.00178E+7
424 2.21106E+14 8.52120E+6
377 7.78767E+13 6.37254E+7
478 2.55088E+16 1.42659E+6
201 2.44885E+18 4.23835E+14
225 5.85494E+15 1.12838E+13
277 4.84841E+15 4.02727E+10
480 5.53428E+17 1.33446E+6
247 4.63158E+15 7.91810E+11
374 1.19489E+14 7.19147E+7
213 5.95246E+15 6.13569E+13
487 1.05227E+15 1.09097E+6
341 1.82634E+13 4.24544E+8
338 4.53913E+15 5.11726E+8
219 2.67826E+17 2.71651E+13
378 2.26746E+16 6.02512E+7
358 3.45254E+17 1.64986E+8
402 6.37990E+14 2.05854E+7
476 3.54284E+13 1.50965E+6
460 3.04262E+14 2.51398E+6
400 2.06263E+14 2.26758E+7
237 1.00959E+18 2.44169E+12
481 2.61152E+17 1.28693E+6
450 1.70031E+17 3.37523E+6
308 1.96169E+16 3.45280E+9
253 3.69602E+17 4.27044E+11
258 6.23551E+15 2.49833E+11
360 2.18783E+15 1.45836E+8
323 7.22634E+14 1.25794E+9
348 4.54297E+16 2.88980E+8
310 2.64639E+18 3.11915E+9
260 4.77228E+13 1.95560E+11
484 1.81630E+16 1.19382E+6
254 4.76711E+15 3.65078E+11
320 7.54856E+17 1.53143E+9
451 6.60864E+17 3.29255E+6
276 1.41208E+18 4.64154E+10
277 1.11901E+14 4.03974E+10
495 6.52631E+15 8.78788E+5
221 1.00246E+18 2.14843E+13
318 3.33934E+16 1.78100E+9
323 2.21323E+15 1.24441E+9
447 3.77612E+13 3.73874E+6
298 2.84427E+18 7.64916E+9
398 1.02424E+13 2.47074E+7
228 6.60539E+17 8.35491E+12
430 1.53845E+15 6.96781E+6
300 1.29933E+16 6.51562E+9
447 3.57070E+16 3.80375E+6
472 1.98691E+14 1.70940E+6
405 5.10792E+18 1.81184E+7
473 5.00901E+18 1.63094E+6
262 2.86448E+15 1.70930E+11
298 2.79112E+13 7.45310E+9
266 9.63067E+13 1.11983E+11
229 1.48965E+18 6.91248E+12
368 6.59219E+15 9.80450E+7
413 2.59616E+16 1.30210E+7
295 5.61556E+16 9.07402E+9
369 3.70124E+15 9.48997E+7
428 2.11187E+14 7.35982E+6
392 7.25626E+14 3.13800E+7
370 1.32664E+13 8.70092E+7
309 1.58783E+13 3.40049E+9
294 2.66633E+13 9.83448E+9
369 2.19576E+16 9.34181E+7
313 2.92105E+18 2.53064E+9
495 1.77169E+16 8.79409E+5
402 7.78924E+18 2.05343E+7
426 1.21037E+13 8.12274E+6
480 4.19128E+16 1.34662E+6
413 5.11378E+13 1.31926E+7
312 5.40369E+13 2.73528E+9
374 1.33207E+14 7.35206E+7
201 3.41851E+13 3.97411E+14
292 5.38564E+16 1.22632E+10
489 3.19238E+16 1.03041E+6
230 6.91189E+14 6.21986E+12
359 1.67889E+13 1.54420E+8
498 2.10867E+16 7.96423E+5
435 9.53895E+13 5.85153E+6
483 6.74878E+17 1.21653E+6
211 1.47418E+18 9.18114E+13
433 2.72893E+16 6.28144E+6
352 1.59395E+14 2.28994E+8
360 1.55575E+15 1.45500E+8
456 1.05433E+18 2.78425E+6
208 2.59385E+16 1.34386E+14
363 8.17236E+15 1.27684E+8
379 1.47312E+16 5.67798E+7
251 5.57252E+14 5.05124E+11
333 6.83102E+14 6.97928E+8
266 2.21250E+14 1.15232E+11
202 1.44583E+18 3.72564E+14
459 1.21062E+18 2.52710E+6
279 5.14189E+16 3.44511E+10
437 2.55913E+13 5.32607E+6
476 1.33537E+17 1.50371E+6
252 2.69045E+17 4.53048E+11
452 1.19202E+14 3.16276E+6
277 1.71004E+14 4.29469E+10
275 2.22990E+15 4.89873E+10
252 1.17904E+14 4.67944E+11
348 8.67664E+17 2.77789E+8
496 1.25735E+16 8.42092E+5
327 3.81807E+14 9.57594E+8
217 6.24397E+17 3.77111E+13
407 4.10856E+15 1.70989E+7
255 5.45591E+17 3.46886E+11
343 3.71180E+18 3.73628E+8
270 7.57816E+13 7.53403E+10
359 2.71441E+15 1.57470E+8
233 1.00005E+13 4.38426E+12
332 8.68898E+14 7.24649E+8
277 2.85537E+14 3.97643E+10
368 6.71020E+16 9.59902E+7
253 8.31481E+16 4.01689E+11
217 2.95898E+14 3.65127E+13
359 1.76906E+14 1.54784E+8
466 5.96172E+13 2.04885E+6
448 1.34655E+14 3.63652E+6
440 5.56507E+15 4.87748E+6
455 4.84438E+18 2.92389E+6
377 4.44829E+13 6.32779E+7
263 4.61006E+15 1.46362E+11
262 1.44234E+15 1.66131E+11
427 2.46210E+18 7.58007E+6
344 2.55241E+17 3.52370E+8
412 1.37203E+14 1.37050E+7
359 2.09568E+14 1.57686E+8
412 1.11201E+18 1.39842E+7
243 1.54371E+15 1.26079E+12
270 1.96577E+17 7.70008E+10
406 6.65967E+18 1.78720E+7
206 4.21797E+17 1.91344E+14
292 1.82878E+15 1.17226E+10
315 8.52319E+15 2.13348E+9
361 2.41544E+16 1.41425E+8
410 1.02875E+18 1.51726E+7
355 2.29664E+16 1.88233E+8
310 1.59513E+18 3.10954E+9
341 2.30875E+18 4.27410E+8
202 9.74081E+14 3.67528E+14
240 2.45461E+13 1.76095E+12
428 1.97676E+18 7.47694E+6
288 4.66042E+14 1.62326E+10
466 3.93522E+17 2.04457E+6
387 3.21179E+18 3.93580E+7
225 3.00827E+13 1.10503E+13
335 1.02779E+16 6.08496E+8
257 7.42760E+18 2.91290E+11
256 3.79866E+13 3.11660E+11
255 3.35968E+15 3.40510E+11
359 3.64792E+15 1.56267E+8
410 9.27563E+14 1.48603E+7
402 1.04529E+14 2.06308E+7
323 3.35179E+14 1.24903E+9
234 9.14282E+13 3.56737E+12
201 4.32058E+18 4.48499E+14
450 9.67284E+15 3.37823E+6
393 1.11012E+15 3.02132E+7
475 5.24529E+17 1.56957E+6
238 1.22967E+13 2.18831E+12
460 9.33253E+18 2.44673E+6
229 4.92287E+18 6.90822E+12
272 9.70369E+16 6.70688E+10
211 1.76182E+14 8.44408E+13
285 5.65506E+15 2.06662E+10
486 1.07837E+13 1.11869E+6
426 4.94307E+14 8.12527E+6
472 2.16157E+13 1.71644E+6
226 5.41023E+15 1.09122E+13
444 7.87123E+14 4.20438E+6
371 1.18711E+17 8.27658E+7
267 7.76260E+15 1.03609E+11
277 4.36715E+17 4.12529E+10
482 1.11929E+18 1.26080E+6
397 3.61918E+15 2.54868E+7
412 1.29379E+15 1.39466E+7
370 4.08125E+15 8.74253E+7
302 1.76607E+13 5.67287E+9
356 1.10342E+14 1.77528E+8
206 4.02886E+13 1.94750E+14
406 4.45645E+14 1.75393E+7
389 4.57312E+14 3.70171E+7
276 3.41962E+17 4.53213E+10
296 3.10998E+15 8.69699E+9
383 2.86668E+13 4.79259E+7
423 4.71775E+14 8.95503E+6
454 1.47799E+18 2.97262E+6
380 8.00947E+18 5.53451E+7
320 4.40755E+14 1.52520E+9
330 1.15811E+17 8.26744E+8
457 4.09213E+14 2.73247E+6
455 6.85876E+14 2.88290E+6
273 2.01999E+14 5.75657E+10
374 3.53348E+16 7.14166E+7
303 6.56528E+16 4.98651E+9
212 2.49457E+16 6.97926E+13
443 9.58173E+18 4.33837E+6
302 5.15929E+14 5.27341E+9
248 1.51657E+18 6.83105E+11
470 2.58960E+16 1.82624E+6
480 9.76834E+17 1.35683E+6
222 2.04526E+18 1.67233E+13
359 1.13878E+13 1.58525E+8
354 2.64053E+17 2.01924E+8
379 1.35390E+13 5.76795E+7
232 8.72217E+13 4.61068E+12
479 4.47239E+17 1.36234E+6
424 1.07581E+14 8.49027E+6
274 5.93799E+15 5.37353E+10
290 1.24471E+15 1.34765E+10
299 1.95959E+16 6.73757E+9
339 4.60932E+17 4.74586E+8
320 2.02167E+17 1.59876E+9
330 3.86906E+13 8.41162E+8
405 1.19477E+13 1.81907E+7
366 4.59061E+15 1.06454E+8
370 9.38399E+16 9.06416E+7
315 2.25539E+15 2.16602E+9
433 7.73314E+14 6.11878E+6
441 6.07272E+14 4.70463E+6
350 1.20267E+17 2.47593E+8
246 4.20868E+16 8.69871E+11
313 6.15009E+17 2.43213E+9
360 1.15047E+13 1.45768E+8
426 3.79649E+15 8.08940E+6
403 3.02430E+16 2.01821E+7
405 6.20750E+14 1.81391E+7
229 1.09924E+14 6.67781E+12
357 1.05063E+14 1.74927E+8
332 5.98018E+17 7.19583E+8
231 1.02238E+13 5.28923E+12
245 2.50088E+17 1.01358E+12
455 7.77454E+16 2.89210E+6
485 2.76091E+16 1.16459E+6
301 1.45458E+18 5.92791E+9
427 8.34716E+15 7.83009E+6
230 2.04838E+16 5.89048E+12
490 1.42116E+15 1.00675E+6
431 3.05653E+16 6.75636E+6
290 7.58529E+16 1.41361E+10
430 1.34912E+16 6.94480E+6
376 2.46399E+13 6.76253E+7
255 9.74308E+13 3.32329E+11
263 5.74250E+15 1.48856E+11
375 2.35539E+17 7.03368E+7
233 7.33028E+15 3.96649E+12
435 1.28226E+13 5.68332E+6
350 2.37178E+18 2.45958E+8
487 1.18585E+13 1.08872E+6
427 2.03179E+17 7.79798E+6
357 5.25594E+16 1.70108E+8
234 2.30553E+15 3.50803E+12
413 3.09503E+16 1.33068E+7
242 4.55194E+17 1.41667E+12
427 3.48002E+17 7.76830E+6
226 1.09413E+17 1.03567E+13
236 4.75186E+14 2.73083E+12
385 4.06094E+13 4.42545E+7
257 7.80627E+14 2.73848E+11
356 4.37669E+16 1.77948E+8
292 2.78429E+15 1.19169E+10
318 3.40235E+14 1.77769E+9
250 7.01867E+16 5.69969E+11
314 8.70440E+13 2.33011E+9
465 4.96071E+13 2.12091E+6
346 6.04082E+16 3.09236E+8
272 5.58349E+15 6.59533E+10
223 1.68826E+15 1.56236E+13
491 1.33950E+15 9.90155E+5
342 2.32614E+14 3.92720E+8
221 1.26967E+15 2.04402E+13
468 4.80805E+15 1.93839E+6
344 2.06439E+15 3.54087E+8
216 1.01358E+16 4.12505E+13
392 7.25853E+17 3.19892E+7
261 1.27194E+18 1.91160E+11
425 1.48017E+18 8.34615E+6
331 3.54320E+14 7.74869E+8
431 1.10173E+18 6.64293E+6
352 1.07835E+16 2.23207E+8
336 5.91652E+15 5.70014E+8
361 6.05126E+16 1.43346E+8
487 5.88938E+13 1.08689E+6
287 1.69690E+13 1.81948E+10
455 3.74129E+13 2.95243E+6
491 3.95862E+13 9.71892E+5
355 4.58209E+17 1.89261E+8
400 3.51736E+13 2.23804E+7
299 9.60634E+16 6.67231E+9
467 3.55917E+16 1.99940E+6
214 3.92961E+16 5.54748E+13
464 1.44559E+17 2.21439E+6
289 2.10625E+15 1.48893E+10
378 6.08731E+16 5.94897E+7
257 7.19136E+18 2.70050E+11
368 1.54369E+17 9.69090E+7
296 1.45946E+17 8.42619E+9
497 2.11359E+16 8.30391E+5
420 4.59680E+14 1.01045E+7
456 4.75644E+14 2.78990E+6
394 1.06033E+17 2.87984E+7
451 5.81095E+17 3.35097E+6
496 1.11416E+18 8.55744E+5
294 9.18575E+15 1.02280E+10
498 2.90156E+13 8.09128E+5
445 2.02707E+14 4.04055E+6
351 1.37131E+16 2.34793E+8
388 2.58596E+18 3.71710E+7
398 3.33211E+18 2.43436E+7
327 1.57425E+16 9.63966E+8
231 6.24585E+17 5.19196E+12
251 3.43017E+14 5.38945E+11
491 3.76936E+16 9.86661E+5
394 3.30569E+17 2.91270E+7
259 4.36645E+15 2.20403E+11
298 2.96436E+14 7.21113E+9
498 3.34565E+16 8.15516E+5
343 2.36498E+17 3.69510E+8
332 2.74376E+17 7.34992E+8
406 7.20624E+14 1.78387E+7
383 2.40565E+17 4.71463E+7
270 2.67875E+17 7.65186E+10
405 7.53616E+14 1.79599E+7
495 1.14996E+16 8.73029E+5
464 1.69863E+13 2.16835E+6
406 6.93895E+13 1.74490E+7
279 5.09676E+15 3.44769E+10
474 6.23661E+15 1.58874E+6
412 3.60071E+13 1.37296E+7
201 3.68948E+13 4.00140E+14
369 1.83191E+13 9.52915E+7
415 1.28517E+15 1.20987E+7
451 8.99862E+18 3.33922E+6
352 1.06443E+15 2.22138E+8
476 2.26991E+13 1.52427E+6
378 5.60789E+18 6.00213E+7
248 1.61559E+18 7.40744E+11
272 1.45817E+13 6.55663E+10
451 3.51624E+16 3.32393E+6
479 7.87881E+17 1.39198E+6
298 5.64358E+18 7.54218E+9
304 7.32475E+16 4.89512E+9
350 6.08899E+15 2.50587E+8
300 1.91926E+15 6.47376E+9
402 3.13616E+14 2.09163E+7
279 5.81127E+18 3.34122E+10
384 2.71860E+15 4.48708E+7
345 4.75866E+14 3.27792E+8
339 1.10232E+17 4.78575E+8
422 2.62234E+13 9.16104E+6
364 4.61786E+17 1.20639E+8
440 5.60964E+16 4.83095E+6
332 1.80989E+18 7.21063E+8
391 7.20306E+15 3.30305E+7
436 1.65714E+18 5.50867E+6
471 2.02276E+15 1.76623E+6
408 1.72483E+16 1.62534E+7
369 3.22868E+14 9.10523E+7
417 3.66202E+17 1.11514E+7
474 8.11512E+17 1.62045E+6
450 4.28444E+14 3.47100E+6
300 3.17009E+14 6.50887E+9
416 2.52212E+17 1.15078E+7
363 7.25043E+18 1.25996E+8
345 2.29304E+13 3.39240E+8
259 2.17210E+15 2.28821E+11
356 3.73158E+14 1.82853E+8
206 3.66787E+14 1.91652E+14
225 4.86028E+14 1.16212E+13
480 8.82718E+18 1.34873E+6
483 2.07103E+16 1.22751E+6
439 1.85726E+13 5.07771E+6
202 4.77619E+14 3.65534E+14
415 1.28587E+14 1.22566E+7
477 8.41297E+16 1.47109E+6
228 1.50178E+15 7.41088E+12
494 1.10210E+16 8.96663E+5
444 1.82394E+15 4.15099E+6
448 5.70469E+13 3.60947E+6
279 8.59428E+16 3.60084E+10
450 2.10751E+14 3.40019E+6
228 4.61073E+17 7.84282E+12
235 4.26940E+14 3.32982E+12
476 3.12814E+16 1.50114E+6
364 3.13748E+17 1.17229E+8
301 9.10423E+18 6.01921E+9
286 3.97646E+18 1.86206E+10
485 2.28416E+18 1.14972E+6
386 8.23606E+14 4.19580E+7
311 1.24240E+17 2.76068E+9
249 1.23625E+18 6.77336E+11
283 1.52051E+15 2.51400E+10
422 4.47175E+15 9.37738E+6
207 4.18293E+14 1.64605E+14
337 2.70743E+16 5.27473E+8
338 5.88007E+17 4.97245E+8
435 1.55387E+18 5.66300E+6
457 2.37238E+17 2.71062E+6
407 5.44020E+18 1.68017E+7
237 2.72490E+13 2.43728E+12
236 3.40709E+13 2.84157E+12
428 3.32696E+15 7.54074E+6
315 1.49961E+14 2.19452E+9
250 5.53027E+14 5.71015E+11
264 4.24197E+15 1.40059E+11
292 9.70336E+18 1.17398E+10
376 4.29359E+15 6.75953E+7
441 4.13161E+18 4.68307E+6
368 1.67304E+17 9.84083E+7
491 1.79318E+15 9.71862E+5
413 5.12044E+18 1.33075E+7
324 6.76075E+13 1.19960E+9
479 1.16447E+15 1.38378E+6
234 3.47303E+17 3.49020E+12
402 1.34010E+18 2.03352E+7
262 7.44997E+18 1.69602E+11
474 3.03940E+14 1.58042E+6
445 2.25036E+17 4.03888E+6
310 3.13382E+15 2.97465E+9
408 1.52026E+18 1.60094E+7
439 2.18416E+13 5.04140E+6
350 2.53302E+15 2.49648E+8
325 2.87387E+18 1.15247E+9
493 5.79991E+18 9.19904E+5
416 2.35453E+13 1.17036E+7
313 8.36244E+16 2.53584E+9
279 1.61732E+13 3.43582E+10
454 1.49248E+17 3.01247E+6
258 7.84239E+16 2.62180E+11
409 2.10702E+15 1.54932E+7
374 2.44450E+18 7.18882E+7
408 7.70899E+14 1.61750E+7
462 7.59040E+14 2.30060E+6
449 1.82652E+18 3.54641E+6
489 2.25928E+16 1.04544E+6
271 1.07393E+16 7.41472E+10
412 2.62589E+14 1.38535E+7
241 1.13400E+14 1.67354E+12
485 6.67074E+13 1.14384E+6
216 3.17737E+13 4.13005E+13
298 3.54826E+15 7.24173E+9
397 3.06373E+16 2.51137E+7
313 7.89016E+15 2.43814E+9
482 2.83617E+17 1.25654E+6
447 2.92856E+15 3.82928E+6
391 9.57516E+13 3.33097E+7
500 2.79107E+15 7.73167E+5
220 1.42866E+18 2.37174E+13
431 1.26193E+16 6.69036E+6
446 1.43115E+15 3.96830E+6
338 7.71985E+15 4.93507E+8
484 1.73143E+15 1.18843E+6
383 1.20145E+17 4.87786E+7
379 5.54372E+16 5.83340E+7
372 2.13215E+15 8.09037E+7
271 2.01365E+17 6.85098E+10
295 1.13747E+18 9.29705E+9
482 7.90256E+13 1.25292E+6
466 1.21337E+18 2.05426E+6
299 8.16263E+17 6.98628E+9
320 2.61084E+18 1.51261E+9
251 7.31091E+16 5.07920E+11
378 3.72078E+13 5.96010E+7
428 8.80535E+13 7.49988E+6
260 2.31777E+14 2.06511E+11
353 1.08068E+14 2.17826E+8
422 3.79033E+18 9.40493E+6
332 2.22048E+18 7.24245E+8
349 2.37944E+17 2.67222E+8
341 2.33835E+13 4.20551E+8
421 8.22291E+14 9.78776E+6
408 1.71728E+13 1.63457E+7
335 1.07527E+16 5.92027E+8
215 1.59599E+18 4.47261E+13
261 2.64900E+16 1.85389E+11
229 2.45647E+17 6.60340E+12
451 1.66959E+13 3.35366E+6
422 2.61050E+15 9.37120E+6
234 2.38386E+13 3.64724E+12
248 1.31523E+16 7.34926E+11
378 5.44617E+18 6.16195E+7
298 9.74274E+17 7.13709E+9
275 1.78902E+16 5.07470E+10
433 3.09803E+17 6.24883E+6
408 1.61900E+15 1.63329E+7
365 8.34430E+17 1.14141E+8
492 7.39902E+18 9.44235E+5
359 8.99633E+18 1.56185E+8
296 2.89966E+17 8.43176E+9
356 3.48279E+17 1.86606E+8
296 8.15958E+18 8.60075E+9
436 2.09430E+16 5.56893E+6
308 1.60575E+15 3.42761E+9
496 1.50569E+13 8.59950E+5
314 6.66750E+17 2.29265E+9
382 1.36141E+13 4.97273E+7
260 1.32302E+15 1.98282E+11
322 1.61214E+15 1.32826E+9
206 1.19843E+18 1.75599E+14
341 2.52381E+18 4.10787E+8
454 2.09618E+14 3.04282E+6
449 3.06514E+14 3.55572E+6
470 6.62812E+17 1.78895E+6
445 5.18597E+14 4.04865E+6
304 1.50582E+13 4.74083E+9
373 1.40638E+15 7.79913E+7
442 7.77703E+14 4.51650E+6
316 5.37804E+16 1.98947E+9
363 3.39831E+13 1.28013E+8
426 6.01289E+13 7.87812E+6
289 1.63186E+14 1.49608E+10
319 1.09587E+16 1.70373E+9
233 1.87379E+14 4.03586E+12
375 9.34075E+14 7.06632E+7
399 3.71203E+14 2.30023E+7
349 2.52840E+16 2.72133E+8
480 1.99607E+16 1.33676E+6
352 1.75002E+17 2.24116E+8
262 5.56611E+16 1.62685E+11
372 2.31237E+15 7.95262E+7
432 7.09406E+18 6.31944E+6
247 2.23332E+17 7.71463E+11
443 1.11003E+17 4.34605E+6
304 1.73551E+16 4.72550E+9
281 1.61585E+13 2.87001E+10
229 8.84300E+14 6.91008E+12
453 1.54594E+16 3.14898E+6
431 3.02074E+16 6.61188E+6
270 6.08864E+15 7.90034E+10
317 4.48626E+17 1.93744E+9
310 3.82205E+13 3.07562E+9
281 2.57448E+14 2.88736E+10
279 3.77052E+14 3.48819E+10
495 2.90990E+16 8.76837E+5
399 9.10510E+16 2.37567E+7
432 2.20001E+16 6.37541E+6
404 9.96676E+14 1.86638E+7
472 3.67801E+15 1.72692E+6
217 2.53393E+13 3.47512E+13
369 1.15229E+14 9.43766E+7
430 1.22992E+17 6.94043E+6
279 3.16129E+14 3.44725E+10
222 5.53342E+15 1.70082E+13
480 4.92718E+16 1.34703E+6
292 1.24649E+14 1.18258E+10
221 5.24720E+14 2.16419E+13
467 2.07544E+16 1.96226E+6
401 8.64124E+16 2.11338E+7
340 2.65926E+18 4.35574E+8
458 3.27646E+14 2.61109E+6
234 1.33035E+16 3.82123E+12
303 4.83450E+17 5.13505E+9
491 9.57961E+18 9.75082E+5
248 2.05580E+16 7.42580E+11
455 2.18026E+15 2.86381E+6
316 1.01131E+17 2.00145E+9
373 7.45111E+13 7.59326E+7
413 2.25012E+16 1.30738E+7
239 1.61190E+13 2.05088E+12
210 3.22487E+17 9.54542E+13
470 3.08102E+16 1.81531E+6
369 5.44854E+18 9.17926E+7
375 2.08085E+17 7.06908E+7
208 1.21686E+18 1.32032E+14
353 9.19732E+16 2.12254E+8
485 7.20828E+13 1.17591E+6
345 1.75681E+14 3.37104E+8
248 1.04235E+18 7.22724E+11
312 1.00837E+13 2.68383E+9
490 1.58379E+17 1.01836E+6
223 3.67740E+15 1.60165E+13
388 2.95808E+15 3.84072E+7
374 1.24657E+14 7.28029E+7
229 3.24120E+18 6.85398E+12
267 1.81647E+17 1.06822E+11
254 2.25375E+18 3.63061E+11
322 1.22959E+13 1.32034E+9
357 2.27227E+15 1.71337E+8
308 2.97597E+16 3.48638E+9
236 3.59061E+13 2.93709E+12
404 1.42976E+15 1.87442E+7
277 1.10946E+17 4.32181E+10
433 4.68203E+13 6.16503E+6
217 3.67568E+14 3.40803E+13
335 1.29859E+16 6.06033E+8
222 8.47531E+18 1.87458E+13
257 1.39543E+18 2.80752E+11
361 2.85299E+13 1.40633E+8
494 1.39444E+14 9.04070E+5
285 1.19177E+13 2.06448E+10
393 8.30643E+14 2.99149E+7
330 1.75621E+17 8.29581E+8
217 7.39360E+18 3.66624E+13
289 2.13665E+17 1.49666E+10
418 1.03505E+13 1.09416E+7
255 4.35109E+18 3.47952E+11
380 6.38958E+15 5.60731E+7
498 5.30827E+14 7.99281E+5
223 1.24086E+13 1.54369E+13
446 1.38673E+15 3.86887E+6
376 1.59494E+18 6.51213E+7
479 1.97014E+13 1.37520E+6
270 3.01696E+14 8.11142E+10
449 3.52261E+16 3.53696E+6
292 1.76219E+14 1.15576E+10
301 1.75086E+16 5.99882E+9
430 3.56780E+13 6.86775E+6
440 6.25277E+16 4.83422E+6
469 4.36217E+13 1.89202E+6
481 3.15586E+16 1.30833E+6
427 3.29369E+17 7.79781E+6
471 1.66538E+14 1.73326E+6
263 3.66395E+13 1.57097E+11
375 4.35320E+15 7.02662E+7
362 3.55607E+13 1.31550E+8
257 1.43683E+14 2.76283E+11
201 1.01633E+16 4.03515E+14
409 1.54389E+13 1.56538E+7
446 2.07703E+13 3.95859E+6
402 8.48332E+13 2.10286E+7
328 2.96624E+18 9.49680E+8
356 1.99621E+14 1.78189E+8
212 7.35256E+16 7.88868E+13
275 1.63566E+18 5.08864E+10
442 1.14755E+14 4.53018E+6
259 6.32968E+13 2.15784E+11
232 7.96118E+15 4.94750E+12
328 6.07649E+18 9.24973E+8
436 8.39655E+18 5.51945E+6
392 4.18681E+16 3.20214E+7
322 2.64423E+18 1.34223E+9
457 4.11859E+16 2.76174E+6
423 1.27551E+13 8.98154E+6
268 3.92786E+16 9.65028E+10
244 5.61557E+16 1.14661E+12
404 2.38240E+14 1.92667E+7
356 5.47199E+16 1.77979E+8
293 4.25734E+17 1.05358E+10
496 8.19463E+18 8.58901E+5
409 1.98376E+15 1.52876E+7
349 4.26855E+13 2.64725E+8
363 1.84945E+13 1.28153E+8
203 2.67785E+17 3.18738E+14
303 2.50324E+16 5.16273E+9
481 1.67142E+16 1.30021E+6
496 4.00989E+14 8.46057E+5
498 2.70140E+15 8.14033E+5
339 1.29106E+14 4.84632E+8
403 8.35209E+13 1.98041E+7
224 3.87709E+18 1.28409E+13
496 1.62269E+14 8.58482E+5
477 1.83051E+16 1.48326E+6
234 6.35190E+14 3.71036E+12
314 5.08020E+18 2.32018E+9
264 1.22864E+16 1.39582E+11
205 2.76222E+18 2.06131E+14
351 4.96824E+18 2.33359E+8
239 1.04802E+16 1.93586E+12
284 5.06758E+18 2.36140E+10
410 5.41124E+16 1.49222E+7
376 4.38342E+17 6.47731E+7
396 4.02959E+18 2.70662E+7
407 4.43065E+18 1.70224E+7
382 6.86552E+14 4.89277E+7
352 5.27485E+17 2.29567E+8
358 2.20197E+17 1.66065E+8
407 3.00975E+18 1.71271E+7
477 3.54284E+13 1.44709E+6
214 1.85893E+16 5.81864E+13
381 1.25896E+16 5.13918E+7
321 1.36028E+13 1.44164E+9
210 4.29090E+18 9.65972E+13
258 2.79421E+18 2.48193E+11
449 1.90272E+14 3.54895E+6
291 4.81346E+15 1.27613E+10
500 1.11950E+13 7.71705E+5
200 1.60302E+15 4.81562E+14
459 5.55552E+13 2.56580E+6
491 3.00821E+14 9.77163E+5
453 3.77009E+13 3.05746E+6
428 4.14501E+18 7.52935E+6
358 1.32423E+14 1.62424E+8
255 4.74894E+17 3.34917E+11
399 6.24038E+13 2.32077E+7
347 3.83493E+16 2.91864E+8
220 2.98442E+14 2.42742E+13
296 1.34707E+17 8.84453E+9
357 2.83569E+17 1.71201E+8
427 8.18314E+14 7.73947E+6
262 2.26899E+15 1.62470E+11
216 4.51802E+15 4.30952E+13
258 1.58642E+18 2.56380E+11
429 6.03772E+16 7.28967E+6
215 1.70502E+15 4.46971E+13
316 4.81107E+15 2.07365E+9
403 5.10689E+15 1.98388E+7
438 3.64827E+17 5.21079E+6
427 1.92577E+13 7.81150E+6
494 1.86422E+17 9.06853E+5
371 1.41829E+14 8.38823E+7
486 1.08810E+15 1.13575E+6
214 3.86818E+18 5.52264E+13
439 3.18944E+13 4.94089E+6
265 1.19300E+15 1.19880E+11
264 9.38438E+16 1.35308E+11
361 4.52123E+17 1.41068E+8
221 1.82058E+13 1.92484E+13
406 4.32483E+16 1.71902E+7
436 1.20718E+16 5.56882E+6
456 2.34546E+14 2.83183E+6
369 2.27585E+13 9.29125E+7
368 1.59960E+13 9.70904E+7
438 2.25938E+16 5.22447E+6
375 1.91923E+16 6.86850E+7
248 1.17502E+16 7.41062E+11
358 2.31404E+13 1.63825E+8
277 5.78143E+14 3.99181E+10
210 1.94439E+15 9.65113E+13
427 1.06500E+14 7.61162E+6
440 1.87623E+16 4.78877E+6
325 2.21150E+16 1.14652E+9
437 4.75243E+16 5.34589E+6
345 3.01950E+14 3.27018E+8
304 2.49983E+18 4.86281E+9
296 4.60837E+16 8.88781E+9
232 3.61348E+14 4.98066E+12
263 8.82348E+18 1.48834E+11
472 4.26176E+14 1.69019E+6
431 4.31598E+17 6.57458E+6
227 4.60974E+15 9.10958E+12
316 1.69358E+18 1.97870E+9
461 5.91757E+17 2.41597E+6
370 5.46555E+16 8.98860E+7
415 3.33632E+15 1.19710E+7
258 6.52832E+14 2.41661E+11
473 2.54186E+18 1.66716E+6
211 3.92179E+17 8.19076E+13
395 1.03235E+17 2.84706E+7
499 4.36075E+18 7.94046E+5
343 1.32504E+17 3.74273E+8
479 8.43051E+13 1.38346E+6
455 1.93322E+13 2.89636E+6
233 1.71438E+16 3.95495E+12
224 1.39417E+15 1.29905E+13
371 7.77951E+18 8.46574E+7
216 1.16451E+13 4.40512E+13
472 1.75426E+15 1.70450E+6
316 2.03209E+17 1.99795E+9
308 6.09538E+13 3.42528E+9
498 2.13448E+18 8.15763E+5
254 2.11018E+14 3.63546E+11
240 2.68245E+17 1.81947E+12
376 1.33742E+14 6.65820E+7
347 2.25298E+14 2.91741E+8
465 2.56022E+18 2.11407E+6
455 1.09311E+14 2.95124E+6
356 1.29450E+13 1.83197E+8
300 1.38196E+14 6.45146E+9
239 2.25256E+15 2.12718E+12
319 3.17221E+14 1.63400E+9
457 2.82458E+18 2.69301E+6
486 1.67559E+13 1.12969E+6
361 9.05676E+15 1.43634E+8
297 3.15051E+15 7.90329E+9
338 3.71038E+14 5.12553E+8
485 6.90137E+16 1.15106E+6
461 2.27985E+13 2.39794E+6
205 7.82487E+13 2.29322E+14
318 1.56409E+18 1.72974E+9
321 2.98007E+13 1.43861E+9
202 6.29541E+17 3.38827E+14
404 9.34752E+17 1.90861E+7
295 2.03914E+17 9.39850E+9
500 6.30266E+14 7.65863E+5
261 5.95964E+16 1.89499E+11
238 1.11598E+17 2.23938E+12
240 3.07737E+15 1.82630E+12
494 9.22882E+17 9.02461E+5
401 3.56664E+16 2.12504E+7
312 2.90950E+17 2.62534E+9
500 3.98034E+13 7.63791E+5
468 1.89683E+16 1.90254E+6
347 1.15163E+15 2.96451E+8
216 8.78588E+18 3.93872E+13
387 7.80605E+18 3.95265E+7
252 1.78854E+16 4.72479E+11
442 1.47398E+14 4.54958E+6
393 2.16554E+15 3.06934E+7
463 2.81061E+15 2.27321E+6
351 1.08661E+13 2.44639E+8
306 2.08625E+17 4.14306E+9
348 5.29501E+13 2.84385E+8
416 1.04586E+16 1.17338E+7
206 1.62263E+14 1.83852E+14
