125	0.1	0
125	0.2	0
125	0.3	0
125	0.4	0
125	0.5	0
125	0.6	0
125	0.7	0
125	0.8	0
125	0.9	0
125	1	0
125	1.1	0
125	1.2	0
125	1.3	0
125	1.4	0
125	1.5	0
125	1.6	0
125	1.7	0
125	1.8	0
125	1.9	0
125	2	0
125	2.1	0
125	2.2	0
125	2.3	0
125	2.4	0
125	2.5	0
125	2.6	0
125	2.7	0
125	2.8	0
125	2.9	0
125	3	0
125	3.1	0
125	3.2	0
125	3.3	0
125	3.4	0
125	3.5	0
125	3.6	0
125	3.7	0
125	3.8	0
125	3.9	0
125	4	0
125	4.1	0
125	4.2	0
125	4.3	0
125	4.4	22.05082
125	4.5	19.08961
130	0.1	0
130	0.2	0
130	0.3	0
130	0.4	0
130	0.5	0
130	0.6	0
130	0.7	0
130	0.8	0
130	0.9	0
130	1	0
130	1.1	0
130	1.2	0
130	1.3	0
130	1.4	0
130	1.5	0
130	1.6	0
130	1.7	0
130	1.8	0
130	1.9	0
130	2	0
130	2.1	0
130	2.2	0
130	2.3	0
130	2.4	0
130	2.5	0
130	2.6	0
130	2.7	0
130	2.8	0
130	2.9	0
130	3	0
130	3.1	0
130	3.2	0
130	3.3	0
130	3.4	0
130	3.5	0
130	3.6	0
130	3.7	0
130	3.8	0
130	3.9	0
130	4	0
130	4.1	18.66993
130	4.2	20.22683
130	4.3	20.67757
130	4.4	22.5551
130	4.5	20.7403
135	0.1	0
135	0.2	0
135	0.3	0
135	0.4	0
135	0.5	0
135	0.6	0
135	0.7	0
135	0.8	0
135	0.9	0
135	1	0
135	1.1	0
135	1.2	0
135	1.3	0
135	1.4	0
135	1.5	0
135	1.6	0
135	1.7	0
135	1.8	0
135	1.9	0
135	2	0
135	2.1	0
135	2.2	0
135	2.3	0
135	2.4	0
135	2.5	0
135	2.6	0
135	2.7	0
135	2.8	0
135	2.9	0
135	3	0
135	3.1	0
135	3.2	0
135	3.3	0
135	3.4	0
135	3.5	0
135	3.6	0
135	3.7	25.98353
135	3.8	27.12551
135	3.9	25.61232
135	4	25.33817
135	4.1	21.39322
135	4.2	23.44288
135	4.3	25.03859
135	4.4	24.57463
135	4.5	25.12817
140	0.1	0
140	0.2	0
140	0.3	0
140	0.4	0
140	0.5	0
140	0.6	0
140	0.7	0
140	0.8	0
140	0.9	0
140	1	0
140	1.1	0
140	1.2	0
140	1.3	0
140	1.4	0
140	1.5	0
140	1.6	0
140	1.7	0
140	1.8	0
140	1.9	0
140	2	0
140	2.1	0
140	2.2	0
140	2.3	0
140	2.4	0
140	2.5	0
140	2.6	0
140	2.7	0
140	2.8	0
140	2.9	0
140	3	0
140	3.1	0
140	3.2	0
140	3.3	29.28518
140	3.4	28.64881
140	3.5	27.88311
140	3.6	26.94304
140	3.7	26.72813
140	3.8	27.63525
140	3.9	25.91748
140	4	26.03686
140	4.1	24.71827
140	4.2	26.19933
140	4.3	26.22444
140	4.4	25.424
140	4.5	26.21917
145	0.1	0
145	0.2	0
145	0.3	0
145	0.4	0
145	0.5	0
145	0.6	0
145	0.7	0
145	0.8	0
145	0.9	0
145	1	0
145	1.1	0
145	1.2	0
145	1.3	0
145	1.4	0
145	1.5	0
145	1.6	0
145	1.7	0
145	1.8	0
145	1.9	0
145	2	0
145	2.1	0
145	2.2	0
145	2.3	0
145	2.4	0
145	2.5	0
145	2.6	0
145	2.7	0
145	2.8	0
145	2.9	36.00828
145	3	35.31196
145	3.1	34.77857
145	3.2	35.02852
145	3.3	32.58984
145	3.4	32.39539
145	3.5	30.78245
145	3.6	29.83672
145	3.7	29.95351
145	3.8	29.61424
145	3.9	27.81698
145	4	27.54767
145	4.1	29.58446
145	4.2	28.43272
145	4.3	26.52568
145	4.4	25.89507
145	4.5	26.36342
150	0.1	0
150	0.2	0
150	0.3	0
150	0.4	0
150	0.5	0
150	0.6	0
150	0.7	0
150	0.8	0
150	0.9	0
150	1	0
150	1.1	0
150	1.2	0
150	1.3	0
150	1.4	0
150	1.5	0
150	1.6	0
150	1.7	0
150	1.8	0
150	1.9	0
150	2	0
150	2.1	0
150	2.2	0
150	2.3	0
150	2.4	0
150	2.5	45.38117
150	2.6	45.70945
150	2.7	43.8796
150	2.8	44.18095
150	2.9	39.45303
150	3	37.30606
150	3.1	37.46206
150	3.2	37.2808
150	3.3	35.3069
150	3.4	34.60485
150	3.5	34.90484
150	3.6	32.9812
150	3.7	31.99708
150	3.8	30.09453
150	3.9	30.89702
150	4	29.06077
150	4.1	30.61423
150	4.2	29.11463
150	4.3	27.69519
150	4.4	25.8201
150	4.5	26.92342
155	0.1	0
155	0.2	0
155	0.3	0
155	0.4	0
155	0.5	0
155	0.6	0
155	0.7	0
155	0.8	0
155	0.9	0
155	1	0
155	1.1	0
155	1.2	0
155	1.3	0
155	1.4	0
155	1.5	0
155	1.6	0
155	1.7	0
155	1.8	0
155	1.9	0
155	2	0
155	2.1	51.45202
155	2.2	50.45558
155	2.3	48.91195
155	2.4	46.3471
155	2.5	44.4859
155	2.6	44.53379
155	2.7	43.03887
155	2.8	41.21665
155	2.9	39.69496
155	3	37.33149
155	3.1	37.7406
155	3.2	37.25594
155	3.3	35.11302
155	3.4	34.42808
155	3.5	34.95195
155	3.6	33.01506
155	3.7	31.94859
155	3.8	29.81749
155	3.9	30.98776
155	4	28.98909
155	4.1	29.46722
155	4.2	28.64466
155	4.3	27.67086
155	4.4	25.11257
155	4.5	26.59765
160	0.1	0
160	0.2	0
160	0.3	0
160	0.4	0
160	0.5	0
160	0.6	0
160	0.7	0
160	0.8	0
160	0.9	0
160	1	0
160	1.1	0
160	1.2	0
160	1.3	0
160	1.4	0
160	1.5	0
160	1.6	0
160	1.7	0
160	1.8	46.70297
160	1.9	44.76098
160	2	45.1889
160	2.1	47.03017
160	2.2	45.99675
160	2.3	43.74422
160	2.4	43.23939
160	2.5	41.01015
160	2.6	40.41202
160	2.7	39.77486
160	2.8	37.47839
160	2.9	36.99766
160	3	35.32507
160	3.1	35.98907
160	3.2	34.78173
160	3.3	32.40487
160	3.4	32.46144
160	3.5	31.54978
160	3.6	30.61136
160	3.7	30.46138
160	3.8	29.15641
160	3.9	28.56517
160	4	27.47537
160	4.1	26.72228
160	4.2	26.59711
160	4.3	26.40689
160	4.4	24.9116
160	4.5	24.77289
165	0.1	0
165	0.2	0
165	0.3	0
165	0.4	0
165	0.5	0
165	0.6	0
165	0.7	0
165	0.8	0
165	0.9	0
165	1	0
165	1.1	0
165	1.2	0
165	1.3	0
165	1.4	0
165	1.5	58.30959
165	1.6	55.66497
165	1.7	53.72286
165	1.8	50.29231
165	1.9	47.80814
165	2	47.11755
165	2.1	45.8893
165	2.2	44.61832
165	2.3	42.56041
165	2.4	42.46015
165	2.5	40.44263
165	2.6	39.57172
165	2.7	39.07861
165	2.8	36.8892
165	2.9	36.57593
165	3	35.20514
165	3.1	35.69409
165	3.2	34.36738
165	3.3	32.18909
165	3.4	32.45805
165	3.5	31.19383
165	3.6	30.55245
165	3.7	30.39847
165	3.8	29.37519
165	3.9	28.4012
165	4	27.48796
165	4.1	26.49336
165	4.2	26.56284
165	4.3	26.15807
165	4.4	25.16998
165	4.5	24.58933
170	0.1	0
170	0.2	0
170	0.3	0
170	0.4	0
170	0.5	0
170	0.6	0
170	0.7	0
170	0.8	0
170	0.9	0
170	1	0
170	1.1	0
170	1.2	0
170	1.3	64.15762
170	1.4	61.0166
170	1.5	59.9509
170	1.6	57.69923
170	1.7	56.22457
170	1.8	53.19019
170	1.9	50.45036
170	2	50.12231
170	2.1	47.66074
170	2.2	46.12919
170	2.3	44.75011
170	2.4	44.1941
170	2.5	42.96789
170	2.6	41.76619
170	2.7	40.91222
170	2.8	39.32547
170	2.9	38.97661
170	3	38.16396
170	3.1	37.51638
170	3.2	36.62402
170	3.3	35.36163
170	3.4	35.39846
170	3.5	34.36057
170	3.6	33.83922
170	3.7	32.79752
170	3.8	31.97756
170	3.9	31.46444
170	4	30.33502
170	4.1	29.5527
170	4.2	29.74591
170	4.3	27.9359
170	4.4	27.54192
170	4.5	26.98649
175	0.1	0
175	0.2	0
175	0.3	0
175	0.4	0
175	0.5	0
175	0.6	0
175	0.7	0
175	0.8	35.01128
175	0.9	0
175	1	0
175	1.1	85.01409
175	1.2	86.18527
175	1.3	70.71892
175	1.4	68.51207
175	1.5	66.32303
175	1.6	62.5476
175	1.7	61.01858
175	1.8	59.19241
175	1.9	56.8367
175	2	55.27469
175	2.1	53.67222
175	2.2	51.34699
175	2.3	50.13564
175	2.4	49.9998
175	2.5	48.15954
175	2.6	47.29136
175	2.7	45.99781
175	2.8	45.64646
175	2.9	44.45463
175	3	44.06598
175	3.1	42.39343
175	3.2	42.24751
175	3.3	40.89871
175	3.4	39.73328
175	3.5	39.33189
175	3.6	38.71589
175	3.7	37.60587
175	3.8	36.71239
175	3.9	36.88318
175	4	35.72431
175	4.1	35.14173
175	4.2	35.16399
175	4.3	33.75799
175	4.4	33.37632
175	4.5	32.26182
180	0.1	0
180	0.2	0
180	0.3	0
180	0.4	0
180	0.5	0
180	0.6	0
180	0.7	0
180	0.8	72.15857
180	0.9	82.90089
180	1	78.8543
180	1.1	78.1413
180	1.2	77.99813
180	1.3	72.01462
180	1.4	69.6807
180	1.5	67.27659
180	1.6	62.9907
180	1.7	61.75399
180	1.8	60.14445
180	1.9	57.98183
180	2	56.08075
180	2.1	54.81548
180	2.2	52.34516
180	2.3	51.1871
180	2.4	50.96502
180	2.5	49.11807
180	2.6	48.35255
180	2.7	47.10881
180	2.8	46.70423
180	2.9	45.49847
180	3	45.08611
180	3.1	43.24574
180	3.2	43.40025
180	3.3	41.80808
180	3.4	40.42863
180	3.5	40.10813
180	3.6	39.3841
180	3.7	38.47457
180	3.8	37.62508
180	3.9	37.78678
180	4	36.78949
180	4.1	36.17275
180	4.2	36.02598
180	4.3	34.97202
180	4.4	34.49349
180	4.5	33.29642
185	0.1	0
185	0.2	0
185	0.3	0
185	0.4	0
185	0.5	0
185	0.6	84.33161
185	0.7	83.8697
185	0.8	81.00361
185	0.9	78.92827
185	1	76.25797
185	1.1	74.23209
185	1.2	71.60778
185	1.3	69.36029
185	1.4	65.78234
185	1.5	64.00618
185	1.6	59.93303
185	1.7	59.71798
185	1.8	57.61494
185	1.9	55.63647
185	2	54.01354
185	2.1	52.96337
185	2.2	50.78439
185	2.3	49.80895
185	2.4	48.73582
185	2.5	47.74152
185	2.6	46.88046
185	2.7	46.12594
185	2.8	44.54358
185	2.9	44.14608
185	3	43.35771
185	3.1	41.75057
185	3.2	42.1988
185	3.3	40.27275
185	3.4	39.29243
185	3.5	38.67081
185	3.6	37.66187
185	3.7	37.28595
185	3.8	36.79222
185	3.9	36.3292
185	4	35.93784
185	4.1	35.03336
185	4.2	34.42779
185	4.3	33.92458
185	4.4	33.23416
185	4.5	32.32423
190	0.1	0
190	0.2	0
190	0.3	0
190	0.4	86.77506
190	0.5	79.74756
190	0.6	80.00526
190	0.7	78.91716
190	0.8	76.12695
190	0.9	75.07349
190	1	72.37506
190	1.1	70.29894
190	1.2	68.5406
190	1.3	65.87815
190	1.4	62.88436
190	1.5	60.98767
190	1.6	58.56831
190	1.7	57.43008
190	1.8	55.74706
190	1.9	53.38261
190	2	52.07393
190	2.1	51.25124
190	2.2	49.36097
190	2.3	48.38055
190	2.4	47.30404
190	2.5	46.53883
190	2.6	45.48774
190	2.7	44.58581
190	2.8	43.37369
190	2.9	43.07289
190	3	42.24645
190	3.1	41.06379
190	3.2	40.88041
190	3.3	39.83907
190	3.4	38.9889
190	3.5	38.35921
190	3.6	37.34052
190	3.7	36.68259
190	3.8	36.403
190	3.9	35.92838
190	4	35.71776
190	4.1	34.73988
190	4.2	33.91182
190	4.3	33.59343
190	4.4	32.89375
190	4.5	33.1934
195	0.1	0
195	0.2	0
195	0.3	79.94186
195	0.4	83.62268
195	0.5	80.96134
195	0.6	78.82883
195	0.7	77.42333
195	0.8	74.87084
195	0.9	73.95505
195	1	71.46089
195	1.1	69.15321
195	1.2	67.97172
195	1.3	64.92189
195	1.4	62.36188
195	1.5	60.20403
195	1.6	58.38254
195	1.7	56.66982
195	1.8	55.37601
195	1.9	52.92748
195	2	51.68572
195	2.1	50.91051
195	2.2	49.07919
195	2.3	48.08441
195	2.4	47.06745
195	2.5	46.30485
195	2.6	45.20812
195	2.7	44.23077
195	2.8	43.20447
195	2.9	42.87292
195	3	42.06269
195	3.1	40.98057
195	3.2	40.57477
195	3.3	39.82853
195	3.4	38.99669
195	3.5	38.5868
195	3.6	37.81513
195	3.7	36.45446
195	3.8	35.99618
195	3.9	35.80777
195	4	35.53937
195	4.1	34.73217
195	4.2	33.68712
195	4.3	33.49888
195	4.4	32.74821
195	4.5	37.54004
200	0.1	0
200	0.2	80.8293
200	0.3	77.83644
200	0.4	78.62173
200	0.5	78.18426
200	0.6	76.06273
200	0.7	74.16406
200	0.8	72.24021
200	0.9	70.27456
200	1	68.70362
200	1.1	66.02488
200	1.2	65.31796
200	1.3	62.49221
200	1.4	60.09359
200	1.5	57.46036
200	1.6	56.25433
200	1.7	54.53228
200	1.8	53.5183
200	1.9	51.34109
200	2	50.21883
200	2.1	49.35138
200	2.2	47.63518
200	2.3	46.67057
200	2.4	45.70013
200	2.5	44.979
200	2.6	43.92615
200	2.7	42.95832
200	2.8	42.08566
200	2.9	41.83438
200	3	40.99493
200	3.1	40.0042
200	3.2	39.48916
200	3.3	38.78052
200	3.4	37.93353
200	3.5	37.601
200	3.6	36.93458
200	3.7	35.427
200	3.8	34.9171
200	3.9	34.65308
200	4	34.23734
200	4.1	34.11488
200	4.2	32.89527
200	4.3	32.79151
200	4.4	31.99161
200	4.5	37.09015
205	0.1	71.89643
205	0.2	69.70788
205	0.3	67.27222
205	0.4	63.99733
205	0.5	64.40842
205	0.6	63.28915
205	0.7	61.46296
205	0.8	59.83674
205	0.9	58.69444
205	1	56.42569
205	1.1	54.74813
205	1.2	53.08205
205	1.3	51.49746
205	1.4	49.55618
205	1.5	47.78346
205	1.6	46.59817
205	1.7	45.20945
205	1.8	45.07242
205	1.9	43.56012
205	2	42.89243
205	2.1	41.70665
205	2.2	40.44894
205	2.3	39.47676
205	2.4	38.79501
205	2.5	38.24564
205	2.6	37.42662
205	2.7	36.61889
205	2.8	36.34209
205	2.9	36.25208
205	3	35.40417
205	3.1	34.74846
205	3.2	33.85962
205	3.3	33.3084
205	3.4	32.53487
205	3.5	32.35549
205	3.6	31.88641
205	3.7	30.89518
205	3.8	30.4311
205	3.9	30.5636
205	4	30.50711
205	4.1	30.64249
205	4.2	29.88793
205	4.3	29.79353
205	4.4	29.2017
205	4.5	29.93978
210	0.1	63.6281
210	0.2	57.67918
210	0.3	53.46466
210	0.4	52.04867
210	0.5	51.55922
210	0.6	50.09298
210	0.7	48.065
210	0.8	46.15814
210	0.9	45.11823
210	1	43.36018
210	1.1	41.87129
210	1.2	40.54835
210	1.3	39.97096
210	1.4	38.34864
210	1.5	37.39969
210	1.6	35.71011
210	1.7	34.75362
210	1.8	34.54335
210	1.9	33.63632
210	2	33.13032
210	2.1	32.069
210	2.2	31.07474
210	2.3	29.84546
210	2.4	29.59777
210	2.5	29.08505
210	2.6	28.49875
210	2.7	28.13645
210	2.8	28.02778
210	2.9	27.33721
210	3	27.14224
210	3.1	26.55429
210	3.2	25.75551
210	3.3	25.40768
210	3.4	25.04297
210	3.5	25.17048
210	3.6	24.8646
210	3.7	24.38618
210	3.8	24.09649
210	3.9	23.79996
210	4	23.92117
210	4.1	24.05301
210	4.2	23.56112
210	4.3	23.63317
210	4.4	23.25161
210	4.5	22.94705
215	0.1	46.8988
215	0.2	42.71742
215	0.3	40.33013
215	0.4	39.27391
215	0.5	36.84849
215	0.6	37.10552
215	0.7	35.06703
215	0.8	33.18284
215	0.9	31.81249
215	1	31.01774
215	1.1	29.69787
215	1.2	29.24554
215	1.3	28.525
215	1.4	27.24277
215	1.5	26.66819
215	1.6	25.43541
215	1.7	24.41763
215	1.8	24.07616
215	1.9	23.48807
215	2	23.12944
215	2.1	22.40422
215	2.2	21.96005
215	2.3	21.33257
215	2.4	20.99625
215	2.5	20.30801
215	2.6	19.83978
215	2.7	19.5268
215	2.8	19.42084
215	2.9	18.39052
215	3	19.16281
215	3.1	18.83129
215	3.2	18.47166
215	3.3	18.259
215	3.4	18.15927
215	3.5	17.85639
215	3.6	17.54617
215	3.7	17.48083
215	3.8	17.38868
215	3.9	17.06005
215	4	17.12356
215	4.1	17.13646
215	4.2	16.8184
215	4.3	16.61349
215	4.4	16.78212
215	4.5	16.54107
220	0.1	32.96563
220	0.2	32.45034
220	0.3	32.12921
220	0.4	31.24027
220	0.5	29.23317
220	0.6	29.48984
220	0.7	27.19211
220	0.8	26.413
220	0.9	25.40347
220	1	24.99002
220	1.1	23.44973
220	1.2	23.47844
220	1.3	22.65911
220	1.4	21.40935
220	1.5	20.45272
220	1.6	19.86683
220	1.7	19.05357
220	1.8	18.78427
220	1.9	18.43115
220	2	17.62672
220	2.1	17.17177
220	2.2	17.31404
220	2.3	16.88365
220	2.4	16.27944
220	2.5	15.55984
220	2.6	15.99641
220	2.7	15.97979
220	2.8	15.67461
220	2.9	15.36449
220	3	15.52477
220	3.1	15.51664
220	3.2	15.25126
220	3.3	15.18452
220	3.4	14.84819
220	3.5	14.8684
220	3.6	14.69127
220	3.7	14.49826
220	3.8	14.41814
220	3.9	14.28507
220	4	14.20512
220	4.1	14.08397
220	4.2	13.86828
220	4.3	13.62778
220	4.4	13.82708
220	4.5	13.74025
225	0.1	26.5744
225	0.2	26.8648
225	0.3	28.01148
225	0.4	26.54119
225	0.5	25.29211
225	0.6	25.11994
225	0.7	23.05473
225	0.8	22.32926
225	0.9	21.59725
225	1	20.96211
225	1.1	19.54307
225	1.2	19.0342
225	1.3	18.44381
225	1.4	17.82204
225	1.5	16.81384
225	1.6	16.19483
225	1.7	15.62258
225	1.8	15.30519
225	1.9	15.05438
225	2	14.35054
225	2.1	13.92629
225	2.2	14.02771
225	2.3	14.02796
225	2.4	13.56311
225	2.5	13.04048
225	2.6	13.24615
225	2.7	13.20922
225	2.8	13.00908
225	2.9	13.19797
225	3	12.77678
225	3.1	12.85305
225	3.2	12.64921
225	3.3	12.58604
225	3.4	12.08141
225	3.5	12.16267
225	3.6	12.17472
225	3.7	11.81496
225	3.8	11.74579
225	3.9	11.60569
225	4	11.44491
225	4.1	11.39915
225	4.2	11.18155
225	4.3	11.14974
225	4.4	11.13348
225	4.5	10.87606
230	0.1	24.8901
230	0.2	24.26157
230	0.3	24.9361
230	0.4	23.76305
230	0.5	22.83806
230	0.6	22.12949
230	0.7	20.43234
230	0.8	19.61408
230	0.9	18.94247
230	1	18.39654
230	1.1	17.37921
230	1.2	16.77363
230	1.3	16.40041
230	1.4	15.99103
230	1.5	15.28249
230	1.6	14.75747
230	1.7	14.00382
230	1.8	13.74834
230	1.9	13.63898
230	2	13.20328
230	2.1	12.7347
230	2.2	12.80088
230	2.3	12.55608
230	2.4	12.30014
230	2.5	12.04287
230	2.6	11.90919
230	2.7	11.61763
230	2.8	11.70681
230	2.9	11.83758
230	3	11.29655
230	3.1	11.45012
230	3.2	11.14124
230	3.3	11.11063
230	3.4	10.77102
230	3.5	10.64053
230	3.6	10.66117
230	3.7	10.36172
230	3.8	10.17733
230	3.9	9.91322
230	4	9.84039
230	4.1	9.80682
230	4.2	9.6161
230	4.3	9.39571
230	4.4	9.03601
230	4.5	8.29346
235	0.1	22.38058
235	0.2	22.16956
235	0.3	22.70976
235	0.4	21.58479
235	0.5	20.73444
235	0.6	20.04169
235	0.7	19.01849
235	0.8	18.24377
235	0.9	17.56966
235	1	17.04268
235	1.1	16.60715
235	1.2	16.12074
235	1.3	15.80518
235	1.4	15.23255
235	1.5	14.8349
235	1.6	14.53018
235	1.7	13.7312
235	1.8	13.54498
235	1.9	13.39261
235	2	13.04961
235	2.1	12.63492
235	2.2	12.65404
235	2.3	12.31028
235	2.4	12.13211
235	2.5	11.91259
235	2.6	11.75853
235	2.7	11.42064
235	2.8	11.54058
235	2.9	11.56146
235	3	11.08288
235	3.1	11.22029
235	3.2	10.90088
235	3.3	10.86095
235	3.4	10.60987
235	3.5	10.43147
235	3.6	10.41168
235	3.7	10.10266
235	3.8	9.59394
235	3.9	8.68884
235	4	8.94599
235	4.1	8.75569
235	4.2	8.30112
235	4.3	7.5927
235	4.4	6.31312
235	4.5	4.61463
240	0.1	21.75412
240	0.2	21.53655
240	0.3	22.04628
240	0.4	20.82886
240	0.5	19.55391
240	0.6	19.34193
240	0.7	18.7464
240	0.8	17.90662
240	0.9	17.20205
240	1	16.67205
240	1.1	16.17419
240	1.2	15.74763
240	1.3	15.32892
240	1.4	14.82066
240	1.5	14.52398
240	1.6	14.34956
240	1.7	13.68099
240	1.8	13.6548
240	1.9	13.21297
240	2	13.07801
240	2.1	12.92205
240	2.2	12.7295
240	2.3	12.41044
240	2.4	12.3208
240	2.5	12.0668
240	2.6	12.03043
240	2.7	11.76302
240	2.8	11.73324
240	2.9	11.47434
240	3	11.25782
240	3.1	11.24259
240	3.2	11.00735
240	3.3	10.88045
240	3.4	10.76139
240	3.5	10.61882
240	3.6	10.44645
240	3.7	10.02713
240	3.8	9.5085
240	3.9	8.20648
240	4	8.22755
240	4.1	7.24193
240	4.2	6.34404
240	4.3	5.59832
240	4.4	4.27263
240	4.5	2.39407
245	0.1	21.823
245	0.2	21.40455
245	0.3	21.8072
245	0.4	20.66414
245	0.5	19.29727
245	0.6	19.14643
245	0.7	18.58686
245	0.8	18.04377
245	0.9	16.8777
245	1	16.28744
245	1.1	15.45696
245	1.2	15.17403
245	1.3	14.80602
245	1.4	14.51394
245	1.5	14.45471
245	1.6	14.20221
245	1.7	13.78304
245	1.8	13.72292
245	1.9	13.2582
245	2	13.4191
245	2.1	13.36243
245	2.2	13.05847
245	2.3	12.79882
245	2.4	12.55824
245	2.5	12.4667
245	2.6	12.36529
245	2.7	12.16058
245	2.8	12.09136
245	2.9	11.78553
245	3	11.6442
245	3.1	11.50874
245	3.2	11.29083
245	3.3	11.14657
245	3.4	11.01835
245	3.5	10.87779
245	3.6	10.57992
245	3.7	10.2373
245	3.8	9.54435
245	3.9	8.27994
245	4	8.08187
245	4.1	6.59566
245	4.2	5.95568
245	4.3	5.03938
245	4.4	3.78255
245	4.5	2.32829
250	0.1	22.09686
250	0.2	21.35581
250	0.3	21.37722
250	0.4	20.47636
250	0.5	19.29076
250	0.6	18.8159
250	0.7	18.18439
250	0.8	18.24475
250	0.9	17.04707
250	1	16.46562
250	1.1	15.62401
250	1.2	15.3457
250	1.3	14.97559
250	1.4	14.7146
250	1.5	14.73233
250	1.6	14.44401
250	1.7	14.13768
250	1.8	14.03662
250	1.9	13.61482
250	2	13.80244
250	2.1	13.70103
250	2.2	13.44408
250	2.3	13.19492
250	2.4	12.95259
250	2.5	12.87262
250	2.6	12.72889
250	2.7	12.58356
250	2.8	12.56324
250	2.9	12.40108
250	3	12.3569
250	3.1	12.07499
250	3.2	11.90297
250	3.3	11.84416
250	3.4	11.63375
250	3.5	11.31201
250	3.6	11.02019
250	3.7	10.77472
250	3.8	9.85282
250	3.9	9.06374
250	4	8.34131
250	4.1	6.89541
250	4.2	6.5006
250	4.3	5.34909
250	4.4	4.23868
250	4.5	4.09298
255	0.1	23.35324
255	0.2	22.40224
255	0.3	22.07305
255	0.4	21.07724
255	0.5	20.16279
255	0.6	19.41999
255	0.7	18.84082
255	0.8	18.75434
255	0.9	18.22256
255	1	17.73903
255	1.1	17.20557
255	1.2	16.79601
255	1.3	16.39584
255	1.4	16.06995
255	1.5	16.09319
255	1.6	15.75816
255	1.7	15.67088
255	1.8	15.51486
255	1.9	15.23622
255	2	15.21847
255	2.1	14.90356
255	2.2	14.7266
255	2.3	14.57858
255	2.4	14.49013
255	2.5	14.30826
255	2.6	14.13443
255	2.7	13.9559
255	2.8	13.89682
255	2.9	13.81074
255	3	13.77545
255	3.1	13.50707
255	3.2	13.21616
255	3.3	13.09741
255	3.4	12.78554
255	3.5	12.49267
255	3.6	12.00361
255	3.7	11.79478
255	3.8	10.9333
255	3.9	10.38422
255	4	9.59247
255	4.1	8.76966
255	4.2	8.07094
255	4.3	7.34992
255	4.4	6.86462
255	4.5	7.30284
260	0.1	24.62662
260	0.2	22.94926
260	0.3	22.05234
260	0.4	21.85293
260	0.5	20.91945
260	0.6	20.58576
260	0.7	20.06557
260	0.8	19.78004
260	0.9	19.40005
260	1	19.04446
260	1.1	18.73072
260	1.2	18.26423
260	1.3	18.08099
260	1.4	17.75434
260	1.5	17.62874
260	1.6	17.22197
260	1.7	17.18264
260	1.8	17.12269
260	1.9	16.99267
260	2	16.75569
260	2.1	16.39658
260	2.2	16.04093
260	2.3	15.88403
260	2.4	15.72804
260	2.5	15.63707
260	2.6	15.58864
260	2.7	15.31137
260	2.8	15.26342
260	2.9	14.98839
260	3	14.7703
260	3.1	14.41097
260	3.2	14.08109
260	3.3	13.90244
260	3.4	13.35347
260	3.5	13.04259
260	3.6	12.62866
260	3.7	12.42731
260	3.8	12.01444
260	3.9	11.40913
260	4	11.15301
260	4.1	10.84309
260	4.2	10.44058
260	4.3	10.48581
260	4.4	10.37643
260	4.5	10.61896
265	0.1	24.72356
265	0.2	23.14185
265	0.3	22.45608
265	0.4	21.99658
265	0.5	21.24914
265	0.6	21.03563
265	0.7	20.56738
265	0.8	20.31149
265	0.9	19.9586
265	1	19.93591
265	1.1	19.52203
265	1.2	19.03903
265	1.3	18.88148
265	1.4	18.47171
265	1.5	18.37005
265	1.6	17.93913
265	1.7	17.76093
265	1.8	17.79705
265	1.9	17.68776
265	2	17.44014
265	2.1	16.96804
265	2.2	16.63373
265	2.3	16.40682
265	2.4	16.18165
265	2.5	16.08229
265	2.6	16.11399
265	2.7	15.81385
265	2.8	15.69326
265	2.9	15.41776
265	3	15.141
265	3.1	14.80194
265	3.2	14.49593
265	3.3	14.21968
265	3.4	13.64656
265	3.5	13.48927
265	3.6	13.21626
265	3.7	12.86718
265	3.8	12.61101
265	3.9	11.91699
265	4	11.97887
265	4.1	11.93636
265	4.2	11.92996
265	4.3	11.99437
265	4.4	11.79727
265	4.5	11.74221
270	0.1	24.08266
270	0.2	23.05375
270	0.3	22.22025
270	0.4	21.91207
270	0.5	21.11422
270	0.6	20.878
270	0.7	20.04135
270	0.8	19.74078
270	0.9	19.3486
270	1	19.3129
270	1.1	18.9366
270	1.2	18.56547
270	1.3	18.36768
270	1.4	18.05073
270	1.5	17.87563
270	1.6	17.48474
270	1.7	17.37507
270	1.8	17.30886
270	1.9	17.17208
270	2	16.92448
270	2.1	16.60505
270	2.2	16.22461
270	2.3	16.05214
270	2.4	15.85936
270	2.5	15.77107
270	2.6	15.73047
270	2.7	15.43102
270	2.8	15.33816
270	2.9	15.03286
270	3	14.77185
270	3.1	14.4131
270	3.2	14.12798
270	3.3	13.90219
270	3.4	13.34335
270	3.5	13.24289
270	3.6	13.02742
270	3.7	12.65878
270	3.8	12.67621
270	3.9	12.4622
270	4	12.61905
270	4.1	12.73642
270	4.2	12.72692
270	4.3	12.54563
270	4.4	12.52294
270	4.5	12.36672
275	0.1	23.91757
275	0.2	23.06447
275	0.3	22.48511
275	0.4	21.72108
275	0.5	21.17928
275	0.6	20.80987
275	0.7	18.86077
275	0.8	18.63145
275	0.9	18.22062
275	1	19.00285
275	1.1	18.48231
275	1.2	18.29555
275	1.3	17.96621
275	1.4	17.6817
275	1.5	17.44435
275	1.6	17.21082
275	1.7	16.86284
275	1.8	16.616
275	1.9	16.36515
275	2	16.22173
275	2.1	16.00215
275	2.2	15.75068
275	2.3	15.55901
275	2.4	15.35668
275	2.5	15.1737
275	2.6	15.01795
275	2.7	14.71176
275	2.8	14.39979
275	2.9	14.19605
275	3	13.95714
275	3.1	13.73617
275	3.2	13.58678
275	3.3	13.25081
275	3.4	12.90603
275	3.5	13.00507
275	3.6	12.80087
275	3.7	12.49069
275	3.8	12.54397
275	3.9	12.46089
275	4	12.59851
275	4.1	12.695
275	4.2	12.67451
275	4.3	12.44204
275	4.4	12.46916
275	4.5	12.31319
280	0.1	23.69638
280	0.2	22.70374
280	0.3	22.17848
280	0.4	21.27977
280	0.5	20.91
280	0.6	20.39608
280	0.7	18.78276
280	0.8	18.52764
280	0.9	18.11411
280	1	18.65576
280	1.1	18.16102
280	1.2	17.8988
280	1.3	17.49527
280	1.4	17.26204
280	1.5	16.89615
280	1.6	16.81847
280	1.7	16.50208
280	1.8	16.07025
280	1.9	15.90543
280	2	15.67005
280	2.1	15.32318
280	2.2	15.15529
280	2.3	14.9632
280	2.4	14.82554
280	2.5	14.69194
280	2.6	14.49602
280	2.7	14.14051
280	2.8	13.71056
280	2.9	13.54768
280	3	13.30411
280	3.1	13.20253
280	3.2	12.94072
280	3.3	12.69733
280	3.4	12.48545
280	3.5	12.45973
280	3.6	12.26846
280	3.7	12.16197
280	3.8	12.07192
280	3.9	11.96101
280	4	11.97383
280	4.1	11.86802
280	4.2	11.89403
280	4.3	11.6808
280	4.4	11.66958
280	4.5	11.55664
285	0.1	22.83761
285	0.2	22.86898
285	0.3	22.42188
285	0.4	21.94791
285	0.5	21.67483
285	0.6	20.9962
285	0.7	19.89882
285	0.8	19.45648
285	0.9	19.01261
285	1	18.86349
285	1.1	18.41092
285	1.2	18.11909
285	1.3	17.71127
285	1.4	17.4824
285	1.5	17.12455
285	1.6	17.02488
285	1.7	16.74848
285	1.8	16.28885
285	1.9	16.13078
285	2	15.87557
285	2.1	15.49312
285	2.2	15.33516
285	2.3	15.14815
285	2.4	15.03745
285	2.5	14.91528
285	2.6	14.70801
285	2.7	14.36272
285	2.8	13.93248
285	2.9	13.74358
285	3	13.50388
285	3.1	13.39621
285	3.2	13.11248
285	3.3	12.91874
285	3.4	12.73892
285	3.5	12.63932
285	3.6	12.4564
285	3.7	12.40073
285	3.8	12.32959
285	3.9	12.22832
285	4	12.20556
285	4.1	12.08074
285	4.2	12.09126
285	4.3	11.89702
285	4.4	11.85865
285	4.5	11.74267
290	0.1	23.79987
290	0.2	23.88432
290	0.3	23.42485
290	0.4	22.9417
290	0.5	22.85451
290	0.6	22.25692
290	0.7	21.78303
290	0.8	21.26909
290	0.9	20.72708
290	1	20.36104
290	1.1	19.95588
290	1.2	19.61633
290	1.3	19.24108
290	1.4	18.94016
290	1.5	18.70234
290	1.6	18.3719
290	1.7	18.09698
290	1.8	17.69916
290	1.9	17.44214
290	2	17.19641
290	2.1	16.82961
290	2.2	16.64285
290	2.3	16.42346
290	2.4	16.31379
290	2.5	16.15268
290	2.6	15.91719
290	2.7	15.66266
290	2.8	15.28876
290	2.9	14.98887
290	3	14.77435
290	3.1	14.55839
290	3.2	14.34995
290	3.3	14.21016
290	3.4	14.07526
290	3.5	13.88192
290	3.6	13.71841
290	3.7	13.65641
290	3.8	13.80198
290	3.9	13.76601
290	4	13.72993
290	4.1	13.73356
290	4.2	13.63745
290	4.3	13.49773
290	4.4	13.39229
290	4.5	13.22145
295	0.1	28.39449
295	0.2	27.53679
295	0.3	26.93462
295	0.4	25.9626
295	0.5	25.2634
295	0.6	24.49142
295	0.7	23.76096
295	0.8	23.04899
295	0.9	22.48771
295	1	21.99367
295	1.1	21.45889
295	1.2	20.89108
295	1.3	20.54634
295	1.4	20.10434
295	1.5	19.75768
295	1.6	19.29146
295	1.7	18.87274
295	1.8	18.54333
295	1.9	18.25917
295	2	17.85471
295	2.1	17.49969
295	2.2	17.22806
295	2.3	16.85172
295	2.4	16.62357
295	2.5	16.4117
295	2.6	16.16505
295	2.7	15.93474
295	2.8	15.59592
295	2.9	15.27656
295	3	15.06682
295	3.1	14.82836
295	3.2	14.63634
295	3.3	14.51388
295	3.4	14.36407
295	3.5	14.12993
295	3.6	14.02516
295	3.7	13.9327
295	3.8	14.17894
295	3.9	14.06848
295	4	14.02457
295	4.1	14.03395
295	4.2	13.89897
295	4.3	13.77324
295	4.4	13.64743
295	4.5	13.50124
300	0.1	28.02268
300	0.2	27.15849
300	0.3	26.61707
300	0.4	25.64193
300	0.5	24.87933
300	0.6	24.16598
300	0.7	23.42922
300	0.8	22.75948
300	0.9	22.26274
300	1	21.80383
300	1.1	21.2851
300	1.2	20.71788
300	1.3	20.39942
300	1.4	19.97502
300	1.5	19.61604
300	1.6	19.14479
300	1.7	18.71962
300	1.8	18.454
300	1.9	18.1534
300	2	17.76309
300	2.1	17.44972
300	2.2	17.18752
300	2.3	16.78863
300	2.4	16.52769
300	2.5	16.17992
300	2.6	15.91721
300	2.7	15.61851
300	2.8	15.39853
300	2.9	14.95482
300	3	14.75116
300	3.1	14.58223
300	3.2	14.35271
300	3.3	14.26212
300	3.4	14.02954
300	3.5	13.7864
300	3.6	13.85704
300	3.7	13.6453
300	3.8	14.08736
300	3.9	13.66841
300	4	13.61982
300	4.1	13.54177
300	4.2	13.36622
300	4.3	13.23512
300	4.4	13.0921
300	4.5	13.08054
305	0.1	21.98453
305	0.2	22.03732
305	0.3	21.87444
305	0.4	21.37608
305	0.5	21.07609
305	0.6	20.81351
305	0.7	20.48625
305	0.8	20.1867
305	0.9	19.93443
305	1	19.73131
305	1.1	19.42681
305	1.2	19.09318
305	1.3	18.85309
305	1.4	18.62821
305	1.5	18.3711
305	1.6	17.96208
305	1.7	17.41477
305	1.8	17.30536
305	1.9	16.96911
305	2	16.78938
305	2.1	16.63988
305	2.2	16.48276
305	2.3	16.19353
305	2.4	16.15364
305	2.5	15.86249
305	2.6	15.60289
305	2.7	15.09825
305	2.8	15.0593
305	2.9	14.10223
305	3	13.94859
305	3.1	13.934
305	3.2	13.64869
305	3.3	13.63901
305	3.4	13.47023
305	3.5	13.39815
305	3.6	13.37784
305	3.7	13.14311
305	3.8	13.60241
305	3.9	13.31625
305	4	13.30386
305	4.1	13.24806
305	4.2	13.11389
305	4.3	12.96216
305	4.4	12.81812
305	4.5	12.79423
310	0.1	20.42925
310	0.2	20.71823
310	0.3	20.65286
310	0.4	20.2773
310	0.5	20.09646
310	0.6	19.95
310	0.7	19.72821
310	0.8	19.52402
310	0.9	19.91333
310	1	19.73133
310	1.1	19.45412
310	1.2	19.17674
310	1.3	18.93777
310	1.4	18.73779
310	1.5	18.46962
310	1.6	18.09636
310	1.7	16.41848
310	1.8	16.25681
310	1.9	15.9808
310	2	15.81066
310	2.1	15.73081
310	2.2	15.56272
310	2.3	15.40176
310	2.4	15.35673
310	2.5	15.13144
310	2.6	14.88989
310	2.7	14.51945
310	2.8	14.54557
310	2.9	13.64168
310	3	13.51003
310	3.1	13.38949
310	3.2	13.26528
310	3.3	13.2947
310	3.4	13.19478
310	3.5	13.06824
310	3.6	12.95354
310	3.7	12.84458
310	3.8	12.89223
310	3.9	12.82888
310	4	12.79937
310	4.1	12.67285
310	4.2	12.69125
310	4.3	12.53265
310	4.4	12.46964
310	4.5	12.47187
315	0.1	22.11624
315	0.2	21.08992
315	0.3	20.95458
315	0.4	20.60285
315	0.5	20.39977
315	0.6	20.24224
315	0.7	20.00735
315	0.8	19.81563
315	0.9	22.15972
315	1	21.80391
315	1.1	21.41844
315	1.2	21.12583
315	1.3	20.81287
315	1.4	20.51002
315	1.5	20.09704
315	1.6	19.80037
315	1.7	17.5022
315	1.8	17.39545
315	1.9	17.05961
315	2	16.92852
315	2.1	16.8101
315	2.2	16.66135
315	2.3	16.41995
315	2.4	16.38577
315	2.5	16.18781
315	2.6	15.88071
315	2.7	15.39471
315	2.8	15.36526
315	2.9	14.14421
315	3	14.00696
315	3.1	13.83389
315	3.2	13.74362
315	3.3	13.76908
315	3.4	13.66128
315	3.5	13.50683
315	3.6	13.37534
315	3.7	13.27949
315	3.8	13.20365
315	3.9	13.167
315	4	13.11659
315	4.1	12.9615
315	4.2	12.98923
315	4.3	12.84749
315	4.4	12.79417
315	4.5	12.77762
320	0.1	29.31119
320	0.2	22.16004
320	0.3	21.84921
320	0.4	21.64709
320	0.5	21.42107
320	0.6	21.24321
320	0.7	21.01731
320	0.8	20.89321
320	0.9	22.45726
320	1	22.10667
320	1.1	21.74055
320	1.2	21.48491
320	1.3	21.2004
320	1.4	20.90674
320	1.5	20.51622
320	1.6	20.23928
320	1.7	19.21843
320	1.8	19.00432
320	1.9	18.6983
320	2	18.53169
320	2.1	18.33542
320	2.2	18.13609
320	2.3	17.94821
320	2.4	17.69314
320	2.5	17.53722
320	2.6	17.25589
320	2.7	17.03965
320	2.8	16.86597
320	2.9	16.38048
320	3	16.2541
320	3.1	16.0146
320	3.2	15.87522
320	3.3	15.8164
320	3.4	15.66005
320	3.5	15.49872
320	3.6	15.35345
320	3.7	15.1914
320	3.8	15.0907
320	3.9	14.95771
320	4	14.85987
320	4.1	14.69556
320	4.2	14.61592
320	4.3	14.53565
320	4.4	14.43831
320	4.5	14.29493
325	0.1	33.3719
325	0.2	21.08403
325	0.3	21.07643
325	0.4	21.11985
325	0.5	21.11778
325	0.6	21.01676
325	0.7	21.01014
325	0.8	20.97294
325	0.9	21.32092
325	1	21.18317
325	1.1	21.02676
325	1.2	20.92989
325	1.3	20.8298
325	1.4	20.67472
325	1.5	20.54172
325	1.6	20.29299
325	1.7	19.97155
325	1.8	19.83384
325	1.9	19.56912
325	2	19.36691
325	2.1	19.06834
325	2.2	18.93915
325	2.3	18.71972
325	2.4	18.4376
325	2.5	18.24808
325	2.6	18.04063
325	2.7	17.89979
325	2.8	17.64219
325	2.9	17.42186
325	3	17.42239
325	3.1	17.14569
325	3.2	17.03032
325	3.3	16.80417
325	3.4	16.74551
325	3.5	16.57228
325	3.6	16.39949
325	3.7	16.28414
325	3.8	16.24368
325	3.9	16.03417
325	4	15.94923
325	4.1	15.84841
325	4.2	15.74919
325	4.3	15.67363
325	4.4	15.57929
325	4.5	15.3952
330	0.1	25.10148
330	0.2	20.71113
330	0.3	20.79966
330	0.4	20.90019
330	0.5	20.96154
330	0.6	20.88316
330	0.7	20.9364
330	0.8	20.91837
330	0.9	20.874
330	1	20.85518
330	1.1	20.84291
330	1.2	20.78693
330	1.3	20.73434
330	1.4	20.61495
330	1.5	20.63549
330	1.6	20.49048
330	1.7	20.46665
330	1.8	20.26961
330	1.9	20.19551
330	2	20.08153
330	2.1	19.89764
330	2.2	19.81711
330	2.3	19.67229
330	2.4	19.56149
330	2.5	19.33733
330	2.6	19.29242
330	2.7	19.22172
330	2.8	19.03811
330	2.9	18.91085
330	3	18.85077
330	3.1	18.71046
330	3.2	18.65306
330	3.3	18.48769
330	3.4	18.45382
330	3.5	18.34996
330	3.6	18.20959
330	3.7	18.13085
330	3.8	18.07371
330	3.9	17.95994
330	4	17.91574
330	4.1	17.90561
330	4.2	17.77151
330	4.3	17.72504
330	4.4	17.62598
330	4.5	17.55875
