-4.958 -5.3521E-0007
-4.909 -5.2213E-0007
-4.859 -5.0503E-0007
-4.810 -4.9396E-0007
-4.758 -4.7787E-0007
-4.707 -4.6177E-0007
-4.658 -4.4970E-0007
-4.607 -4.3763E-0007
-4.556 -4.2354E-0007
-4.509 -4.1046E-0007
-4.458 -3.9940E-0007
-4.407 -3.8632E-0007
-4.358 -3.7425E-0007
-4.307 -3.6117E-0007
-4.257 -3.5111E-0007
-4.208 -3.4004E-0007
-4.156 -3.2897E-0007
-4.106 -3.1690E-0007
-4.057 -3.0583E-0007
-4.006 -2.9376E-0007
-3.958 -2.8672E-0007
-3.907 -2.7565E-0007
-3.857 -2.6861E-0007
-3.806 -2.5956E-0007
-3.757 -2.4748E-0007
-3.707 -2.4145E-0007
-3.658 -2.3340E-0007
-3.608 -2.2435E-0007
-3.558 -2.1630E-0007
-3.508 -2.0825E-0007
-3.457 -2.0121E-0007
-3.409 -1.9316E-0007
-3.358 -1.8511E-0007
-3.307 -1.8008E-0007
-3.257 -1.7203E-0007
-3.204 -1.6600E-0007
-3.157 -1.5694E-0007
-3.106 -1.5191E-0007
-3.056 -1.4688E-0007
-3.006 -1.4185E-0007
-2.963 -1.3481E-0007
-2.910 -1.2877E-0007
-2.859 -1.2475E-0007
-2.808 -1.1972E-0007
-2.758 -1.1368E-0007
-2.710 -1.0966E-0007
-2.658 -1.0463E-0007
-2.607 -9.9598E-0008
-2.558 -9.4567E-0008
-2.508 -8.8995E-0008
-2.458 -8.4498E-0008
-2.410 -8.0096E-0008
-2.358 -7.6268E-0008
-2.308 -7.2536E-0008
-2.258 -6.8517E-0008
-2.208 -6.4976E-0008
-2.158 -6.1531E-0008
-2.108 -5.8182E-0008
-2.058 -5.4354E-0008
-2.008 -5.1483E-0008
-1.977 -4.9665E-0008
-1.947 -4.8134E-0008
-1.917 -4.6411E-0008
-1.887 -4.4593E-0008
-1.857 -4.3062E-0008
-1.827 -4.1435E-0008
-1.797 -3.9904E-0008
-1.767 -3.8373E-0008
-1.737 -3.6938E-0008
-1.707 -3.5598E-0008
-1.676 -3.4354E-0008
-1.646 -3.3014E-0008
-1.617 -3.1483E-0008
-1.586 -3.0239E-0008
-1.556 -2.9282E-0008
-1.527 -2.8038E-0008
-1.497 -2.6794E-0008
-1.466 -2.5455E-0008
-1.436 -2.4689E-0008
-1.406 -2.3445E-0008
-1.376 -2.2679E-0008
-1.346 -2.1531E-0008
-1.316 -2.0478E-0008
-1.286 -1.9617E-0008
-1.255 -1.8947E-0008
-1.225 -1.7990E-0008
-1.195 -1.7033E-0008
-1.165 -1.6364E-0008
-1.135 -1.5598E-0008
-1.105 -1.5024E-0008
-1.074 -1.4163E-0008
-1.044 -1.3397E-0008
-1.014 -1.2727E-0008
-0.992 -1.2536E-0008
-0.972 -1.1770E-0008
-0.953 -1.1388E-0008
-0.935 -1.1292E-0008
-0.915 -1.0909E-0008
-0.895 -1.0239E-0008
-0.875 -1.0048E-0008
-0.854 -9.6651E-0009
-0.834 -9.0909E-0009
-0.814 -8.9952E-0009
-0.794 -8.5167E-0009
-0.774 -8.1340E-0009
-0.754 -7.9426E-0009
-0.734 -7.8469E-0009
-0.714 -7.2727E-0009
-0.694 -7.1770E-0009
-0.674 -7.0813E-0009
-0.654 -6.6986E-0009
-0.633 -6.4115E-0009
-0.616 -5.9330E-0009
-0.596 -6.0287E-0009
-0.576 -5.5502E-0009
-0.556 -5.6459E-0009
-0.536 -5.1675E-0009
-0.516 -4.9761E-0009
-0.496 -4.4976E-0009
-0.476 -4.5933E-0009
-0.456 -4.4019E-0009
-0.436 -4.1148E-0009
-0.416 -3.8277E-0009
-0.396 -3.6364E-0009
-0.376 -3.1579E-0009
-0.356 -3.3493E-0009
-0.336 -2.9665E-0009
-0.316 -2.6794E-0009
-0.295 -2.6794E-0009
-0.275 -2.6794E-0009
-0.253 -2.2967E-0009
-0.233 -2.4880E-0009
-0.213 -1.7225E-0009
-0.193 -1.6268E-0009
-0.173 -1.6268E-0009
-0.153 -1.6268E-0009
-0.143 -1.3397E-0009
-0.133 -1.5311E-0009
-0.123 -1.1483E-0009
-0.113 -1.4354E-0009
-0.103 -1.1483E-0009
-0.093 -8.6124E-0010
-0.083 -9.5694E-0010
-0.073 -1.0526E-0009
-0.063 -9.5694E-0010
-0.053 -4.7847E-0010
-0.043 -6.6986E-0010
-0.033 -4.7847E-0010
-0.023 -3.8278E-0010
-0.013 -3.8278E-0010
-0.003 -3.8278E-0010
0.012  1.9139E-0010
0.021  8.6124E-0010
0.032  1.4354E-0009
0.042  2.2967E-0009
0.052  3.4450E-0009
0.062  5.6459E-0009
0.072  8.6124E-0009
0.082  1.1962E-0008
0.092  1.7990E-0008
0.102  2.5933E-0008
0.112  3.6746E-0008
0.122  5.3301E-0008
0.132  7.5120E-0008
0.142  1.0563E-0007
0.152  1.4990E-0007
0.162  2.1026E-0007
0.172  2.8974E-0007
0.182  4.0845E-0007
0.192  5.6942E-0007
0.202  7.9074E-0007
0.212  1.0926E-0006
0.222  1.5111E-0006
0.232  2.0875E-0006
0.242  2.8773E-0006
0.252  3.9930E-0006
0.262  5.5292E-0006
0.272  7.7448E-0006
0.282  1.0940E-0005
0.292  1.5697E-0005
0.302  2.2888E-0005
0.312  3.3986E-0005
0.322  5.1256E-0005
0.332  7.9397E-0005
0.343  1.2663E-0004
0.352  2.1106E-0004
0.364  3.5578E-0004
0.373  6.0201E-0004
0.383  9.8593E-0004
0.393  1.5638E-0003
0.408  3.5528E-0003
0.415  5.0249E-0003
0.418  6.8159E-0003
0.423  8.8955E-0003
0.428  1.1184E-0002
0.431  1.3721E-0002
0.435  1.6428E-0002
0.438  1.9284E-0002
0.440  2.2289E-0002
