1.492E+0 -1.524E+1
1.488E+0 -1.526E+1
1.485E+0 -1.529E+1
1.481E+0 -1.531E+1
1.477E+0 -1.533E+1
1.473E+0 -1.536E+1
1.469E+0 -1.538E+1
1.465E+0 -1.541E+1
1.461E+0 -1.543E+1
1.457E+0 -1.546E+1
1.453E+0 -1.548E+1
1.449E+0 -1.551E+1
1.445E+0 -1.553E+1
1.441E+0 -1.556E+1
1.436E+0 -1.559E+1
1.432E+0 -1.561E+1
1.428E+0 -1.564E+1
1.423E+0 -1.567E+1
1.419E+0 -1.570E+1
1.415E+0 -1.573E+1
1.410E+0 -1.575E+1
1.406E+0 -1.579E+1
1.401E+0 -1.580E+1
1.397E+0 -1.583E+1
1.392E+0 -1.587E+1
1.388E+0 -1.589E+1
1.383E+0 -1.592E+1
1.378E+0 -1.595E+1
1.373E+0 -1.598E+1
1.369E+0 -1.601E+1
1.364E+0 -1.604E+1
1.359E+0 -1.607E+1
1.354E+0 -1.611E+1
1.349E+0 -1.613E+1
1.343E+0 -1.617E+1
1.338E+0 -1.619E+1
1.333E+0 -1.624E+1
1.328E+0 -1.627E+1
1.322E+0 -1.629E+1
1.317E+0 -1.632E+1
1.312E+0 -1.636E+1
1.306E+0 -1.640E+1
1.300E+0 -1.642E+1
1.294E+0 -1.645E+1
1.289E+0 -1.650E+1
1.283E+0 -1.652E+1
1.277E+0 -1.656E+1
1.271E+0 -1.660E+1
1.265E+0 -1.664E+1
1.258E+0 -1.669E+1
1.252E+0 -1.674E+1
1.246E+0 -1.678E+1
1.239E+0 -1.682E+1
1.233E+0 -1.686E+1
1.226E+0 -1.690E+1
1.219E+0 -1.695E+1
1.212E+0 -1.699E+1
1.205E+0 -1.703E+1
1.198E+0 -1.709E+1
1.190E+0 -1.713E+1
1.186E+0 -1.716E+1
1.181E+0 -1.718E+1
1.177E+0 -1.721E+1
1.172E+0 -1.724E+1
1.167E+0 -1.727E+1
1.163E+0 -1.730E+1
1.158E+0 -1.733E+1
1.153E+0 -1.736E+1
1.148E+0 -1.739E+1
1.143E+0 -1.742E+1
1.138E+0 -1.744E+1
1.133E+0 -1.748E+1
1.128E+0 -1.751E+1
1.122E+0 -1.754E+1
1.117E+0 -1.757E+1
1.112E+0 -1.760E+1
1.106E+0 -1.764E+1
1.100E+0 -1.768E+1
1.095E+0 -1.770E+1
1.089E+0 -1.774E+1
1.083E+0 -1.776E+1
1.077E+0 -1.780E+1
1.071E+0 -1.784E+1
1.065E+0 -1.787E+1
1.058E+0 -1.790E+1
1.052E+0 -1.793E+1
1.046E+0 -1.798E+1
1.039E+0 -1.800E+1
1.032E+0 -1.804E+1
1.025E+0 -1.806E+1
1.018E+0 -1.811E+1
1.011E+0 -1.815E+1
1.003E+0 -1.819E+1
9.980E-1 -1.819E+1
9.929E-1 -1.824E+1
9.880E-1 -1.827E+1
9.833E-1 -1.827E+1
9.780E-1 -1.829E+1
9.726E-1 -1.834E+1
9.672E-1 -1.835E+1
9.613E-1 -1.838E+1
9.556E-1 -1.843E+1
9.499E-1 -1.842E+1
9.440E-1 -1.847E+1
9.380E-1 -1.850E+1
9.318E-1 -1.851E+1
9.256E-1 -1.851E+1
9.192E-1 -1.857E+1
9.127E-1 -1.857E+1
9.061E-1 -1.857E+1
8.993E-1 -1.861E+1
8.920E-1 -1.864E+1
8.859E-1 -1.870E+1
8.786E-1 -1.867E+1
8.712E-1 -1.873E+1
8.635E-1 -1.870E+1
8.556E-1 -1.877E+1
8.475E-1 -1.879E+1
8.392E-1 -1.887E+1
8.306E-1 -1.883E+1
8.218E-1 -1.885E+1
8.126E-1 -1.889E+1
8.031E-1 -1.894E+1
7.933E-1 -1.897E+1
7.831E-1 -1.908E+1
7.724E-1 -1.900E+1
7.614E-1 -1.909E+1
7.498E-1 -1.916E+1
7.370E-1 -1.913E+1
7.242E-1 -1.909E+1
7.092E-1 -1.920E+1
6.948E-1 -1.908E+1
6.794E-1 -1.941E+1
6.628E-1 -1.941E+1
6.449E-1 -1.936E+1
6.254E-1 -1.930E+1
6.149E-1 -1.946E+1
6.039E-1 -1.929E+1
5.922E-1 -1.954E+1
5.798E-1 -1.927E+1
5.665E-1 -1.945E+1
5.522E-1 -1.969E+1
5.367E-1 -1.952E+1
5.198E-1 -1.936E+1
5.010E-1 -1.938E+1
4.798E-1 -1.999E+1
4.554E-1 -1.955E+1
4.262E-1 -1.975E+1
3.894E-1 -1.980E+1
3.377E-1 -1.951E+1
2.340E-1 -1.878E+1
