6.994E-2 6.999E-1
7.992E-2 6.960E-1
9.008E-2 6.922E-1
9.982E-2 6.881E-1
1.098E-1 6.846E-1
1.199E-1 6.812E-1
1.300E-1 6.775E-1
1.402E-1 6.737E-1
1.498E-1 6.700E-1
1.601E-1 6.664E-1
1.701E-1 6.626E-1
1.800E-1 6.590E-1
1.900E-1 6.554E-1
1.999E-1 6.518E-1
2.100E-1 6.483E-1
2.199E-1 6.445E-1
2.298E-1 6.409E-1
2.400E-1 6.373E-1
2.500E-1 6.337E-1
2.599E-1 6.301E-1
2.700E-1 6.265E-1
2.800E-1 6.227E-1
2.899E-1 6.193E-1
2.999E-1 6.157E-1
3.102E-1 6.120E-1
3.200E-1 6.084E-1
3.302E-1 6.047E-1
3.399E-1 6.011E-1
3.500E-1 5.975E-1
3.600E-1 5.938E-1
3.700E-1 5.904E-1
3.801E-1 5.867E-1
3.901E-1 5.834E-1
3.999E-1 5.801E-1
4.100E-1 5.769E-1
4.200E-1 5.737E-1
4.299E-1 5.710E-1
4.399E-1 5.687E-1
4.499E-1 5.668E-1
4.600E-1 5.655E-1
4.698E-1 5.646E-1
4.800E-1 5.644E-1
4.899E-1 5.648E-1
5.000E-1 5.656E-1
5.100E-1 5.666E-1
5.198E-1 5.683E-1
5.299E-1 5.704E-1
5.399E-1 5.726E-1
