Ytrue Nb T d Ypred RSE
12000000000.000008 1000000000000000.000000 290.000000 0.000280 11679680648.005711 0.000732
19190000000.000019 1000000000000000.000000 290.000000 0.000280 19020654464.848541 0.000079
30700000000.000034 1000000000000000.000000 290.000000 0.000280 28349248628.153046 0.006349
49090000000.000069 1000000000000000.000000 290.000000 0.000280 53023307074.244843 0.005944
78519999999.999939 1000000000000000.000000 290.000000 0.000280 85916595429.566299 0.008110
125599999999.999878 1000000000000000.000000 290.000000 0.000280 142836817554.204346 0.016561
200900000000.000061 1000000000000000.000000 290.000000 0.000280 207663042112.304291 0.001096
321199999999.999634 1000000000000000.000000 290.000000 0.000280 337382427547.092102 0.002417
513799999999.999634 1000000000000000.000000 290.000000 0.000280 526187521278.091431 0.000568
821700000000.000977 1000000000000000.000000 290.000000 0.000280 999146983161.633789 0.038353
1313999999999.998535 1000000000000000.000000 290.000000 0.000280 1480566756066.497559 0.014261
2102000000000.002197 1000000000000000.000000 290.000000 0.000280 2183600271488.598145 0.001451
3362000000000.000000 1000000000000000.000000 290.000000 0.000280 3532870338523.859863 0.002458
5377000000000.003906 1000000000000000.000000 290.000000 0.000280 4995176948980.413086 0.005428
8600000000000.012695 1000000000000000.000000 290.000000 0.000280 7238272020774.021484 0.029788
13750000000000.003906 1000000000000000.000000 290.000000 0.000280 11992704777415.312500 0.018727
22000000000000.019531 1000000000000000.000000 290.000000 0.000280 20835983101420.945312 0.002956
35180000000000.031250 1000000000000000.000000 290.000000 0.000280 31566261492341.718750 0.011760
56270000000000.039062 1000000000000000.000000 290.000000 0.000280 47826077886309.718750 0.026494
90000000000000.062500 1000000000000000.000000 290.000000 0.000280 69835951701795.429688 0.064690
12000000000.000008 1000000000000000.000000 295.000000 0.000280 11679692983.874237 0.000732
19190000000.000019 1000000000000000.000000 295.000000 0.000280 19134344025.504417 0.000008
30700000000.000034 1000000000000000.000000 295.000000 0.000280 31404956758.924061 0.000515
49090000000.000069 1000000000000000.000000 295.000000 0.000280 53340811378.242569 0.006901
78519999999.999939 1000000000000000.000000 295.000000 0.000280 90581598113.751450 0.020455
125599999999.999878 1000000000000000.000000 295.000000 0.000280 141262187893.309265 0.013826
200900000000.000061 1000000000000000.000000 295.000000 0.000280 213576146747.698853 0.003745
321199999999.999634 1000000000000000.000000 295.000000 0.000280 322191262651.656189 0.000009
513799999999.999634 1000000000000000.000000 295.000000 0.000280 559979438582.404053 0.007412
821700000000.000977 1000000000000000.000000 295.000000 0.000280 1000000000000.000000 0.038689
1313999999999.998535 1000000000000000.000000 295.000000 0.000280 1474267439415.721436 0.013259
2102000000000.002197 1000000000000000.000000 295.000000 0.000280 2189196907596.482178 0.001652
3362000000000.000000 1000000000000000.000000 295.000000 0.000280 3696265963538.078125 0.008991
5377000000000.003906 1000000000000000.000000 295.000000 0.000280 4973896014401.812500 0.006076
8600000000000.012695 1000000000000000.000000 295.000000 0.000280 9284935287801.673828 0.005875
13750000000000.003906 1000000000000000.000000 295.000000 0.000280 13995014000955.248047 0.000312
22000000000000.019531 1000000000000000.000000 295.000000 0.000280 21485181053987.550781 0.000561
35180000000000.031250 1000000000000000.000000 295.000000 0.000280 32857626807647.023438 0.004666
56270000000000.039062 1000000000000000.000000 295.000000 0.000280 64677068287941.609375 0.019421
90000000000000.062500 1000000000000000.000000 295.000000 0.000280 98813201874584.062500 0.008734
12000000000.000008 1000000000000000.000000 300.000000 0.000280 11830102388.250038 0.000203
19190000000.000019 1000000000000000.000000 300.000000 0.000280 19265121117.224140 0.000015
30700000000.000034 1000000000000000.000000 300.000000 0.000280 31674020080.935001 0.000976
49090000000.000069 1000000000000000.000000 300.000000 0.000280 54910149601.153511 0.012567
78519999999.999939 1000000000000000.000000 300.000000 0.000280 90736013464.926743 0.020946
125599999999.999878 1000000000000000.000000 300.000000 0.000280 136525599124.082535 0.006961
200900000000.000061 1000000000000000.000000 300.000000 0.000280 214487953213.867035 0.004285
321199999999.999634 1000000000000000.000000 300.000000 0.000280 317280793872.841125 0.000151
513799999999.999634 1000000000000000.000000 300.000000 0.000280 657897959832.558594 0.061428
821700000000.000977 1000000000000000.000000 300.000000 0.000280 1000000000000.000000 0.038689
1313999999999.998535 1000000000000000.000000 300.000000 0.000280 1469251352707.458252 0.012485
2102000000000.002197 1000000000000000.000000 300.000000 0.000280 2166900957849.531006 0.000925
3362000000000.000000 1000000000000000.000000 300.000000 0.000280 4291562095595.830078 0.059889
5377000000000.003906 1000000000000000.000000 300.000000 0.000280 5883658826470.452148 0.008114
8600000000000.012695 1000000000000000.000000 300.000000 0.000280 9356465383276.009766 0.007112
13750000000000.003906 1000000000000000.000000 300.000000 0.000280 14843599152610.412109 0.005860
22000000000000.019531 1000000000000000.000000 300.000000 0.000280 21540000000000.394531 0.000447
35180000000000.031250 1000000000000000.000000 300.000000 0.000280 40843522334629.593750 0.022323
56270000000000.039062 1000000000000000.000000 300.000000 0.000280 64621964398222.734375 0.019183
90000000000000.062500 1000000000000000.000000 300.000000 0.000280 97142167472482.890625 0.005835
12000000000.000008 1000000000000000.000000 305.000000 0.000280 11699638194.561449 0.000643
19190000000.000019 1000000000000000.000000 305.000000 0.000280 19363822541.715763 0.000081
30700000000.000034 1000000000000000.000000 305.000000 0.000280 29308213732.292091 0.002153
49090000000.000069 1000000000000000.000000 305.000000 0.000280 56284803122.763435 0.018735
78519999999.999939 1000000000000000.000000 305.000000 0.000280 91513024131.238861 0.023494
125599999999.999878 1000000000000000.000000 305.000000 0.000280 134445263769.059158 0.004633
200900000000.000061 1000000000000000.000000 305.000000 0.000280 209432187797.347076 0.001730
321199999999.999634 1000000000000000.000000 305.000000 0.000280 317551613762.911011 0.000131
513799999999.999634 1000000000000000.000000 305.000000 0.000280 643482102148.590210 0.050866
821700000000.000977 1000000000000000.000000 305.000000 0.000280 1004275007529.337646 0.040394
1313999999999.998535 1000000000000000.000000 305.000000 0.000280 1474267439415.721436 0.013259
2102000000000.002197 1000000000000000.000000 305.000000 0.000280 2163207105598.391357 0.000824
3362000000000.000000 1000000000000000.000000 305.000000 0.000280 4147563494604.536133 0.044256
5377000000000.003906 1000000000000000.000000 305.000000 0.000280 5759566663424.614258 0.004726
8600000000000.012695 1000000000000000.000000 305.000000 0.000280 9356469447405.833984 0.007112
13750000000000.003906 1000000000000000.000000 305.000000 0.000280 14730102946698.824219 0.004743
22000000000000.019531 1000000000000000.000000 305.000000 0.000280 21375515359123.437500 0.000829
35180000000000.031250 1000000000000000.000000 305.000000 0.000280 37057817947791.429688 0.002705
56270000000000.039062 1000000000000000.000000 305.000000 0.000280 64566898087207.242188 0.018947
90000000000000.062500 1000000000000000.000000 305.000000 0.000280 99999999999998.765625 0.011111
12000000000.000008 1000000000000000.000000 310.000000 0.000280 11840211616.113327 0.000180
19190000000.000019 1000000000000000.000000 310.000000 0.000280 19899177827.554031 0.001317
30700000000.000034 1000000000000000.000000 310.000000 0.000280 29761767730.221928 0.000963
49090000000.000069 1000000000000000.000000 310.000000 0.000280 56718444643.051910 0.020900
78519999999.999939 1000000000000000.000000 310.000000 0.000280 86063027568.440475 0.008420
125599999999.999878 1000000000000000.000000 310.000000 0.000280 130939856563.989960 0.001734
200900000000.000061 1000000000000000.000000 310.000000 0.000280 208716042150.765564 0.001457
321199999999.999634 1000000000000000.000000 310.000000 0.000280 317551613762.911011 0.000131
513799999999.999634 1000000000000000.000000 310.000000 0.000280 645124658724.945068 0.052030
821700000000.000977 1000000000000000.000000 310.000000 0.000280 1001707682788.815552 0.039367
1313999999999.998535 1000000000000000.000000 310.000000 0.000280 1479300651257.697754 0.014057
2102000000000.002197 1000000000000000.000000 310.000000 0.000280 2172453566254.095947 0.001087
3362000000000.000000 1000000000000000.000000 310.000000 0.000280 3974351347643.092773 0.028063
5377000000000.003906 1000000000000000.000000 310.000000 0.000280 5769403521661.996094 0.004964
8600000000000.012695 1000000000000000.000000 310.000000 0.000280 9308709729601.912109 0.006274
13750000000000.003906 1000000000000000.000000 310.000000 0.000280 14066982212297.769531 0.000519
22000000000000.019531 1000000000000000.000000 310.000000 0.000280 22497810691757.871094 0.000501
35180000000000.031250 1000000000000000.000000 310.000000 0.000280 39879426954671.976562 0.015741
56270000000000.039062 1000000000000000.000000 310.000000 0.000280 68188136001252.210938 0.037020
90000000000000.062500 1000000000000000.000000 310.000000 0.000280 99829588680278.671875 0.010754
12000000000.000008 1000000000000000.000000 315.000000 0.000280 12167871709.331810 0.000193
19190000000.000019 1000000000000000.000000 315.000000 0.000280 20571789706.134678 0.004837
30700000000.000034 1000000000000000.000000 315.000000 0.000280 31378265081.317360 0.000478
49090000000.000069 1000000000000000.000000 315.000000 0.000280 56332998236.417000 0.018971
78519999999.999939 1000000000000000.000000 315.000000 0.000280 86504577664.059357 0.009386
125599999999.999878 1000000000000000.000000 315.000000 0.000280 133876252125.387360 0.004074
200900000000.000061 1000000000000000.000000 315.000000 0.000280 211220895022.180145 0.002510
321199999999.999634 1000000000000000.000000 315.000000 0.000280 317551792526.967346 0.000130
513799999999.999634 1000000000000000.000000 315.000000 0.000280 639096304314.957275 0.047810
821700000000.000977 1000000000000000.000000 315.000000 0.000280 1016336937585.091675 0.045363
1313999999999.998535 1000000000000000.000000 315.000000 0.000280 1481822132292.768066 0.014465
2102000000000.002197 1000000000000000.000000 315.000000 0.000280 2259397270162.189453 0.005216
3362000000000.000000 1000000000000000.000000 315.000000 0.000280 4287897857944.455566 0.059468
5377000000000.003906 1000000000000000.000000 315.000000 0.000280 5705771188401.946289 0.003523
8600000000000.012695 1000000000000000.000000 315.000000 0.000280 9213942419764.951172 0.004757
13750000000000.003906 1000000000000000.000000 315.000000 0.000280 13852619205556.736328 0.000055
22000000000000.019531 1000000000000000.000000 315.000000 0.000280 24025175512976.882812 0.007760
35180000000000.031250 1000000000000000.000000 315.000000 0.000280 40084101458381.257812 0.017055
56270000000000.039062 1000000000000000.000000 315.000000 0.000280 67035177351691.593750 0.030723
90000000000000.062500 1000000000000000.000000 315.000000 0.000280 99999999999998.765625 0.011111
12000000000.000008 1000000000000000.000000 320.000000 0.000280 12356137911.112398 0.000855
19190000000.000019 1000000000000000.000000 320.000000 0.000280 20484046064.592110 0.004260
30700000000.000034 1000000000000000.000000 320.000000 0.000280 31891002494.098045 0.001449
49090000000.000069 1000000000000000.000000 320.000000 0.000280 52038514000.508385 0.003403
78519999999.999939 1000000000000000.000000 320.000000 0.000280 87096781436.041351 0.010756
125599999999.999878 1000000000000000.000000 320.000000 0.000280 138053700375.987579 0.008945
200900000000.000061 1000000000000000.000000 320.000000 0.000280 214302042593.998108 0.004172
321199999999.999634 1000000000000000.000000 320.000000 0.000280 323844855539.478943 0.000067
513799999999.999634 1000000000000000.000000 320.000000 0.000280 636377421457.902710 0.045953
821700000000.000977 1000000000000000.000000 320.000000 0.000280 950930574178.211914 0.021373
1313999999999.998535 1000000000000000.000000 320.000000 0.000280 1507279010096.396484 0.018862
2102000000000.002197 1000000000000000.000000 320.000000 0.000280 2345819918899.795898 0.012056
3362000000000.000000 1000000000000000.000000 320.000000 0.000280 3336632632679.300781 0.000057
5377000000000.003906 1000000000000000.000000 320.000000 0.000280 4774408002075.962891 0.014144
8600000000000.012695 1000000000000000.000000 320.000000 0.000280 8540514354770.653320 0.000048
13750000000000.003906 1000000000000000.000000 320.000000 0.000280 14443967781036.884766 0.002425
22000000000000.019531 1000000000000000.000000 320.000000 0.000280 21613625414445.792969 0.000314
35180000000000.031250 1000000000000000.000000 320.000000 0.000280 39810966072832.757812 0.015312
56270000000000.039062 1000000000000000.000000 320.000000 0.000280 66070578105700.890625 0.025836
90000000000000.062500 1000000000000000.000000 320.000000 0.000280 94205196654603.484375 0.002086
12000000000.000008 1000000000000000.000000 325.000000 0.000280 11669659181.017103 0.000779
19190000000.000019 1000000000000000.000000 325.000000 0.000280 20258529450.638687 0.002937
30700000000.000034 1000000000000000.000000 325.000000 0.000280 32384530201.464905 0.002854
49090000000.000069 1000000000000000.000000 325.000000 0.000280 50854171554.640686 0.001247
78519999999.999939 1000000000000000.000000 325.000000 0.000280 83461108711.176941 0.003725
125599999999.999878 1000000000000000.000000 325.000000 0.000280 143455883336.297638 0.017695
200900000000.000061 1000000000000000.000000 325.000000 0.000280 215033895130.603241 0.004624
321199999999.999634 1000000000000000.000000 325.000000 0.000280 371213326427.867493 0.020978
513799999999.999634 1000000000000000.000000 325.000000 0.000280 644019338109.304688 0.051246
821700000000.000977 1000000000000000.000000 325.000000 0.000280 976405737640.469971 0.029831
1313999999999.998535 1000000000000000.000000 325.000000 0.000280 1499564343532.461426 0.017475
2102000000000.002197 1000000000000000.000000 325.000000 0.000280 2126827590952.697266 0.000138
3362000000000.000000 1000000000000000.000000 325.000000 0.000280 3411501609971.823730 0.000214
5377000000000.003906 1000000000000000.000000 325.000000 0.000280 5124485379169.743164 0.002314
8600000000000.012695 1000000000000000.000000 325.000000 0.000280 7676973727367.547852 0.012904
13750000000000.003906 1000000000000000.000000 325.000000 0.000280 14654973953209.851562 0.004064
22000000000000.019531 1000000000000000.000000 325.000000 0.000280 21966797188234.386719 0.000002
35180000000000.031250 1000000000000000.000000 325.000000 0.000280 38507815961904.007812 0.008175
56270000000000.039062 1000000000000000.000000 325.000000 0.000280 60929919712794.195312 0.006334
90000000000000.062500 1000000000000000.000000 325.000000 0.000280 99574516046352.625000 0.010229
12000000000.000008 1000000000000000.000000 330.000000 0.000280 11336020796.270660 0.003241
19190000000.000019 1000000000000000.000000 330.000000 0.000280 20327713374.351494 0.003318
30700000000.000034 1000000000000000.000000 330.000000 0.000280 32082016257.676033 0.001939
49090000000.000069 1000000000000000.000000 330.000000 0.000280 49739202962.964584 0.000173
78519999999.999939 1000000000000000.000000 330.000000 0.000280 75342727784.744965 0.001706
125599999999.999878 1000000000000000.000000 330.000000 0.000280 143334459740.939728 0.017470
200900000000.000061 1000000000000000.000000 330.000000 0.000280 215584261651.054749 0.004979
321199999999.999634 1000000000000000.000000 330.000000 0.000280 379539839839.284546 0.027919
513799999999.999634 1000000000000000.000000 330.000000 0.000280 563809839573.956421 0.008633
821700000000.000977 1000000000000000.000000 330.000000 0.000280 973912955086.681030 0.028951
1313999999999.998535 1000000000000000.000000 330.000000 0.000280 1393494591363.184082 0.003451
2102000000000.002197 1000000000000000.000000 330.000000 0.000280 2213695771230.428223 0.002681
3362000000000.000000 1000000000000000.000000 330.000000 0.000280 3627621025382.049316 0.005785
5377000000000.003906 1000000000000000.000000 330.000000 0.000280 4802895733248.536133 0.012763
8600000000000.012695 1000000000000000.000000 330.000000 0.000280 7592343315172.809570 0.015551
13750000000000.003906 1000000000000000.000000 330.000000 0.000280 14542514913221.185547 0.003141
22000000000000.019531 1000000000000000.000000 330.000000 0.000280 22904525671586.414062 0.001624
35180000000000.031250 1000000000000000.000000 330.000000 0.000280 41475069411207.179688 0.027159
56270000000000.039062 1000000000000000.000000 330.000000 0.000280 69895958018236.023438 0.047207
90000000000000.062500 1000000000000000.000000 330.000000 0.000280 95744025698315.921875 0.003829
12000000000.000008 1000000000000000.000000 335.000000 0.000280 11059028654.147398 0.006672
19190000000.000019 1000000000000000.000000 335.000000 0.000280 19865546973.201157 0.001197
30700000000.000034 1000000000000000.000000 335.000000 0.000280 31378252026.076595 0.000478
49090000000.000069 1000000000000000.000000 335.000000 0.000280 48856487480.937576 0.000023
78519999999.999939 1000000000000000.000000 335.000000 0.000280 74639391160.028397 0.002570
125599999999.999878 1000000000000000.000000 335.000000 0.000280 123350735183.661072 0.000327
200900000000.000061 1000000000000000.000000 335.000000 0.000280 209071811068.475616 0.001590
321199999999.999634 1000000000000000.000000 335.000000 0.000280 379540000862.144226 0.027919
513799999999.999634 1000000000000000.000000 335.000000 0.000280 587864399638.068726 0.018161
821700000000.000977 1000000000000000.000000 335.000000 0.000280 854779429579.429810 0.001558
1313999999999.998535 1000000000000000.000000 335.000000 0.000280 1403092161546.514893 0.004305
2102000000000.002197 1000000000000000.000000 335.000000 0.000280 2156081693952.890869 0.000645
3362000000000.000000 1000000000000000.000000 335.000000 0.000280 3621444941887.267578 0.005529
5377000000000.003906 1000000000000000.000000 335.000000 0.000280 5813729409837.519531 0.006101
8600000000000.012695 1000000000000000.000000 335.000000 0.000280 8672661046388.084961 0.000071
13750000000000.003906 1000000000000000.000000 335.000000 0.000280 15124484320518.972656 0.009084
22000000000000.019531 1000000000000000.000000 335.000000 0.000280 22982782956920.273438 0.001910
35180000000000.031250 1000000000000000.000000 335.000000 0.000280 43025009089844.476562 0.040660
56270000000000.039062 1000000000000000.000000 335.000000 0.000280 72629911198960.812500 0.065489
90000000000000.062500 1000000000000000.000000 335.000000 0.000280 99914758009153.703125 0.010932
12000000000.000008 1000000000000000.000000 340.000000 0.000280 11106290692.306076 0.005993
19190000000.000019 1000000000000000.000000 340.000000 0.000280 17511836853.693417 0.008380
30700000000.000034 1000000000000000.000000 340.000000 0.000280 32578599390.195404 0.003529
49090000000.000069 1000000000000000.000000 340.000000 0.000280 48441689224.333725 0.000177
78519999999.999939 1000000000000000.000000 340.000000 0.000280 76117821159.398407 0.000965
125599999999.999878 1000000000000000.000000 340.000000 0.000280 116497527734.407822 0.005663
200900000000.000061 1000000000000000.000000 340.000000 0.000280 184303417358.084839 0.007439
321199999999.999634 1000000000000000.000000 340.000000 0.000280 362143062715.502319 0.014411
513799999999.999634 1000000000000000.000000 340.000000 0.000280 583867914849.529663 0.016366
821700000000.000977 1000000000000000.000000 340.000000 0.000280 866522428947.422852 0.002822
1313999999999.998535 1000000000000000.000000 340.000000 0.000280 1180983497886.286377 0.011402
2102000000000.002197 1000000000000000.000000 340.000000 0.000280 1898793282383.932861 0.010346
3362000000000.000000 1000000000000000.000000 340.000000 0.000280 2632207310503.999023 0.060184
5377000000000.003906 1000000000000000.000000 340.000000 0.000280 3917000062125.902344 0.101207
8600000000000.012695 1000000000000000.000000 340.000000 0.000280 6847980507742.166016 0.052121
13750000000000.003906 1000000000000000.000000 340.000000 0.000280 14187502849085.205078 0.000981
22000000000000.019531 1000000000000000.000000 340.000000 0.000280 22098390929328.695312 0.000020
35180000000000.031250 1000000000000000.000000 340.000000 0.000280 36524128887652.859375 0.001406
56270000000000.039062 1000000000000000.000000 340.000000 0.000280 66014392335709.414062 0.025562
90000000000000.062500 1000000000000000.000000 340.000000 0.000280 98476711065554.750000 0.008107
12000000000.000008 10000000000000000.000000 290.000000 0.000330 14654269476.397316 0.040063
19190000000.000019 10000000000000000.000000 290.000000 0.000330 24838137272.339012 0.066929
30700000000.000034 10000000000000000.000000 290.000000 0.000330 45054169922.215134 0.148965
49090000000.000069 10000000000000000.000000 290.000000 0.000330 68949423375.309906 0.116522
78519999999.999939 10000000000000000.000000 290.000000 0.000330 84969372528.314011 0.006234
125599999999.999878 10000000000000000.000000 290.000000 0.000330 150215970739.613770 0.032116
200900000000.000061 10000000000000000.000000 290.000000 0.000330 313246850130.769775 0.200565
321199999999.999634 10000000000000000.000000 290.000000 0.000330 580375591499.895996 0.360333
513799999999.999634 10000000000000000.000000 290.000000 0.000330 651203591375.781616 0.056427
821700000000.000977 10000000000000000.000000 290.000000 0.000330 888219558809.165405 0.006063
1313999999999.998535 10000000000000000.000000 290.000000 0.000330 1584908934692.243652 0.035241
2102000000000.002197 10000000000000000.000000 290.000000 0.000330 3831237757643.148926 0.371311
3362000000000.000000 10000000000000000.000000 290.000000 0.000330 2765622576690.783203 0.038252
5377000000000.003906 10000000000000000.000000 290.000000 0.000330 4324558984729.282715 0.047634
8600000000000.012695 10000000000000000.000000 290.000000 0.000330 10733546763581.541016 0.049313
13750000000000.003906 10000000000000000.000000 290.000000 0.000330 24632921816782.621094 0.349681
22000000000000.019531 10000000000000000.000000 290.000000 0.000330 47332292274439.359375 0.616267
35180000000000.031250 10000000000000000.000000 290.000000 0.000330 38213945426730.429688 0.006847
56270000000000.039062 10000000000000000.000000 290.000000 0.000330 68129999999999.695312 0.036691
90000000000000.062500 10000000000000000.000000 290.000000 0.000330 98897505987408.437500 0.008894
12000000000.000008 10000000000000000.000000 295.000000 0.000330 13149916541.266726 0.008380
19190000000.000019 10000000000000000.000000 295.000000 0.000330 22866545063.009129 0.030804
30700000000.000034 10000000000000000.000000 295.000000 0.000330 43952980837.589737 0.130167
49090000000.000069 10000000000000000.000000 295.000000 0.000330 54490669354.638870 0.010904
78519999999.999939 10000000000000000.000000 295.000000 0.000330 76638668296.414825 0.000588
125599999999.999878 10000000000000000.000000 295.000000 0.000330 170687841999.097961 0.094826
200900000000.000061 10000000000000000.000000 295.000000 0.000330 217253002784.100647 0.006127
321199999999.999634 10000000000000000.000000 295.000000 0.000330 317281236500.444214 0.000151
513799999999.999634 10000000000000000.000000 295.000000 0.000330 457514610883.697327 0.013477
821700000000.000977 10000000000000000.000000 295.000000 0.000330 829632410218.121704 0.000092
1313999999999.998535 10000000000000000.000000 295.000000 0.000330 1006013837744.523315 0.071757
2102000000000.002197 10000000000000000.000000 295.000000 0.000330 1941392665467.447510 0.006321
3362000000000.000000 10000000000000000.000000 295.000000 0.000330 4372596053692.717285 0.069473
5377000000000.003906 10000000000000000.000000 295.000000 0.000330 5163908329461.899414 0.001635
8600000000000.012695 10000000000000000.000000 295.000000 0.000330 8665071946225.528320 0.000057
13750000000000.003906 10000000000000000.000000 295.000000 0.000330 29562668472155.632812 0.615126
22000000000000.019531 10000000000000000.000000 295.000000 0.000330 20240417682759.867188 0.006953
35180000000000.031250 10000000000000000.000000 295.000000 0.000330 41263924783803.625000 0.025498
56270000000000.039062 10000000000000000.000000 295.000000 0.000330 63475111355697.484375 0.014535
90000000000000.062500 10000000000000000.000000 295.000000 0.000330 51023918274783.281250 0.330811
12000000000.000008 10000000000000000.000000 300.000000 0.000330 12126420188.410198 0.000110
19190000000.000019 10000000000000000.000000 300.000000 0.000330 19849292210.976425 0.001141
30700000000.000034 10000000000000000.000000 300.000000 0.000330 24564033216.864079 0.049926
49090000000.000069 10000000000000000.000000 300.000000 0.000330 50810857535.043205 0.001187
78519999999.999939 10000000000000000.000000 300.000000 0.000330 85332307005.885849 0.006926
125599999999.999878 10000000000000000.000000 300.000000 0.000330 131613942473.085480 0.002188
200900000000.000061 10000000000000000.000000 300.000000 0.000330 215039928589.608459 0.004628
321199999999.999634 10000000000000000.000000 300.000000 0.000330 446705809749.838135 0.109782
513799999999.999634 10000000000000000.000000 300.000000 0.000330 508101940571.470154 0.000124
821700000000.000977 10000000000000000.000000 300.000000 0.000330 1006859217314.708130 0.041439
1313999999999.998535 10000000000000000.000000 300.000000 0.000330 1197171090410.551514 0.008677
2102000000000.002197 10000000000000000.000000 300.000000 0.000330 1516257449842.464844 0.107648
3362000000000.000000 10000000000000000.000000 300.000000 0.000330 2607770683479.280273 0.064884
5377000000000.003906 10000000000000000.000000 300.000000 0.000330 6720700613928.931641 0.049963
8600000000000.012695 10000000000000000.000000 300.000000 0.000330 8446458500571.907227 0.000325
13750000000000.003906 10000000000000000.000000 300.000000 0.000330 16839421137729.005859 0.041222
22000000000000.019531 10000000000000000.000000 300.000000 0.000330 27917855196574.378906 0.057020
35180000000000.031250 10000000000000000.000000 300.000000 0.000330 59137965952051.039062 0.275891
56270000000000.039062 10000000000000000.000000 300.000000 0.000330 49230540778602.875000 0.017888
90000000000000.062500 10000000000000000.000000 300.000000 0.000330 47536763513327.851562 0.421458
12000000000.000008 10000000000000000.000000 305.000000 0.000330 11669634530.488087 0.000779
19190000000.000019 10000000000000000.000000 305.000000 0.000330 21930755340.885674 0.017849
30700000000.000034 10000000000000000.000000 305.000000 0.000330 34056533885.349003 0.010776
49090000000.000069 10000000000000000.000000 305.000000 0.000330 48030534754.558510 0.000476
78519999999.999939 10000000000000000.000000 305.000000 0.000330 84825158476.363373 0.005969
125599999999.999878 10000000000000000.000000 305.000000 0.000330 133192615148.365067 0.003446
200900000000.000061 10000000000000000.000000 305.000000 0.000330 219107592099.865234 0.007531
321199999999.999634 10000000000000000.000000 305.000000 0.000330 310321004687.144104 0.001187
513799999999.999634 10000000000000000.000000 305.000000 0.000330 457117277681.442688 0.013680
821700000000.000977 10000000000000000.000000 305.000000 0.000330 681882390853.190674 0.034890
1313999999999.998535 10000000000000000.000000 305.000000 0.000330 1425957501464.310791 0.006690
2102000000000.002197 10000000000000000.000000 305.000000 0.000330 2094280981143.013428 0.000014
3362000000000.000000 10000000000000000.000000 305.000000 0.000330 2189462943461.730225 0.186775
5377000000000.003906 10000000000000000.000000 305.000000 0.000330 4448131093027.838867 0.036074
8600000000000.012695 10000000000000000.000000 305.000000 0.000330 8331874061022.718750 0.001003
13750000000000.003906 10000000000000000.000000 305.000000 0.000330 11124882792623.503906 0.045050
22000000000000.019531 10000000000000000.000000 305.000000 0.000330 21930151304488.765625 0.000010
35180000000000.031250 10000000000000000.000000 305.000000 0.000330 32275087134135.988281 0.007432
56270000000000.039062 10000000000000000.000000 305.000000 0.000330 66239522949125.250000 0.026666
90000000000000.062500 10000000000000000.000000 305.000000 0.000330 46694155390724.734375 0.446260
12000000000.000008 10000000000000000.000000 310.000000 0.000330 12949211920.708521 0.005798
19190000000.000019 10000000000000000.000000 310.000000 0.000330 19967719603.314777 0.001578
30700000000.000034 10000000000000000.000000 310.000000 0.000330 37535283219.096893 0.040545
49090000000.000069 10000000000000000.000000 310.000000 0.000330 59340628565.352379 0.036071
78519999999.999939 10000000000000000.000000 310.000000 0.000330 80182335578.457581 0.000439
125599999999.999878 10000000000000000.000000 310.000000 0.000330 142842622931.905457 0.016571
200900000000.000061 10000000000000000.000000 310.000000 0.000330 310336673057.335632 0.192094
321199999999.999634 10000000000000000.000000 310.000000 0.000330 349388417662.615479 0.007080
513799999999.999634 10000000000000000.000000 310.000000 0.000330 591897874222.920288 0.020056
821700000000.000977 10000000000000000.000000 310.000000 0.000330 699553676963.022705 0.025955
1313999999999.998535 10000000000000000.000000 310.000000 0.000330 1096482363361.945312 0.032839
2102000000000.002197 10000000000000000.000000 310.000000 0.000330 1881352653641.581055 0.012311
3362000000000.000000 10000000000000000.000000 310.000000 0.000330 3159357274774.024902 0.003866
5377000000000.003906 10000000000000000.000000 310.000000 0.000330 5384303738674.923828 0.000002
8600000000000.012695 10000000000000000.000000 310.000000 0.000330 9167137781844.134766 0.004080
13750000000000.003906 10000000000000000.000000 310.000000 0.000330 14222805318066.433594 0.001143
22000000000000.019531 10000000000000000.000000 310.000000 0.000330 22480040695324.632812 0.000466
35180000000000.031250 10000000000000000.000000 310.000000 0.000330 31006867913261.789062 0.015965
56270000000000.039062 10000000000000000.000000 310.000000 0.000330 62989713542001.132812 0.012740
90000000000000.062500 10000000000000000.000000 310.000000 0.000330 88594897096078.312500 0.000248
12000000000.000008 10000000000000000.000000 315.000000 0.000330 12125932278.424667 0.000109
19190000000.000019 10000000000000000.000000 315.000000 0.000330 19731388461.627354 0.000774
30700000000.000034 10000000000000000.000000 315.000000 0.000330 34612772173.878433 0.014408
49090000000.000069 10000000000000000.000000 315.000000 0.000330 44670094048.769112 0.008909
78519999999.999939 10000000000000000.000000 315.000000 0.000330 76182946797.085251 0.000913
125599999999.999878 10000000000000000.000000 315.000000 0.000330 144184160399.070038 0.019071
200900000000.000061 10000000000000000.000000 315.000000 0.000330 190205048068.923523 0.002993
321199999999.999634 10000000000000000.000000 315.000000 0.000330 363068646509.585266 0.015032
513799999999.999634 10000000000000000.000000 315.000000 0.000330 519928571829.247253 0.000141
821700000000.000977 10000000000000000.000000 315.000000 0.000330 874691800654.282959 0.003907
1313999999999.998535 10000000000000000.000000 315.000000 0.000330 998340328627.446655 0.075956
2102000000000.002197 10000000000000000.000000 315.000000 0.000330 1157995057495.877441 0.366108
3362000000000.000000 10000000000000000.000000 315.000000 0.000330 2130674488089.563965 0.211656
5377000000000.003906 10000000000000000.000000 315.000000 0.000330 5098450005568.067383 0.002830
8600000000000.012695 10000000000000000.000000 315.000000 0.000330 9097042032059.968750 0.003158
13750000000000.003906 10000000000000000.000000 315.000000 0.000330 11972389672472.097656 0.019195
22000000000000.019531 10000000000000000.000000 315.000000 0.000330 30559963795841.535156 0.108985
35180000000000.031250 10000000000000000.000000 315.000000 0.000330 35060388812383.503906 0.000012
56270000000000.039062 10000000000000000.000000 315.000000 0.000330 36031684039558.343750 0.202017
90000000000000.062500 10000000000000000.000000 315.000000 0.000330 80113444117624.015625 0.013556
12000000000.000008 10000000000000000.000000 320.000000 0.000330 12033136036.540768 0.000008
19190000000.000019 10000000000000000.000000 320.000000 0.000330 21285749526.622879 0.010753
30700000000.000034 10000000000000000.000000 320.000000 0.000330 32000045065.931618 0.001720
49090000000.000069 10000000000000000.000000 320.000000 0.000330 48773351213.036644 0.000042
78519999999.999939 10000000000000000.000000 320.000000 0.000330 84033368485.840912 0.004607
125599999999.999878 10000000000000000.000000 320.000000 0.000330 140428615918.683929 0.012467
200900000000.000061 10000000000000000.000000 320.000000 0.000330 213209406515.083313 0.003537
321199999999.999634 10000000000000000.000000 320.000000 0.000330 425838284930.617737 0.080050
513799999999.999634 10000000000000000.000000 320.000000 0.000330 474198777229.146118 0.006437
821700000000.000977 10000000000000000.000000 320.000000 0.000330 606188676802.220215 0.093244
1313999999999.998535 10000000000000000.000000 320.000000 0.000330 1009423018585.663574 0.069940
2102000000000.002197 10000000000000000.000000 320.000000 0.000330 1069662863126.222778 0.473984
3362000000000.000000 10000000000000000.000000 320.000000 0.000330 1588972321509.109131 0.588460
5377000000000.003906 10000000000000000.000000 320.000000 0.000330 4042744967484.690430 0.081896
8600000000000.012695 10000000000000000.000000 320.000000 0.000330 7281606043236.664062 0.027757
13750000000000.003906 10000000000000000.000000 320.000000 0.000330 11962367489926.623047 0.019428
22000000000000.019531 10000000000000000.000000 320.000000 0.000330 13329235299551.929688 0.256382
35180000000000.031250 10000000000000000.000000 320.000000 0.000330 29285174416829.617188 0.033729
56270000000000.039062 10000000000000000.000000 320.000000 0.000330 66863694209655.484375 0.029828
90000000000000.062500 10000000000000000.000000 320.000000 0.000330 84968964000801.562500 0.003310
12000000000.000008 10000000000000000.000000 325.000000 0.000330 14791220787.897415 0.043894
19190000000.000019 10000000000000000.000000 325.000000 0.000330 21523060521.663013 0.013179
30700000000.000034 10000000000000000.000000 325.000000 0.000330 29787201297.174931 0.000911
49090000000.000069 10000000000000000.000000 325.000000 0.000330 56236931704.629303 0.018502
78519999999.999939 10000000000000000.000000 325.000000 0.000330 79434118092.432449 0.000134
125599999999.999878 10000000000000000.000000 325.000000 0.000330 149832087310.613800 0.031202
200900000000.000061 10000000000000000.000000 325.000000 0.000330 247958147677.461395 0.044454
321199999999.999634 10000000000000000.000000 325.000000 0.000330 318095394715.985657 0.000094
513799999999.999634 10000000000000000.000000 325.000000 0.000330 610337844466.861938 0.029719
821700000000.000977 10000000000000000.000000 325.000000 0.000330 742584679693.727173 0.010258
1313999999999.998535 10000000000000000.000000 325.000000 0.000330 908912703835.427856 0.137398
2102000000000.002197 10000000000000000.000000 325.000000 0.000330 1454100728203.504150 0.137337
3362000000000.000000 10000000000000000.000000 325.000000 0.000330 3232928964237.712402 0.001533
5377000000000.003906 10000000000000000.000000 325.000000 0.000330 4123023587951.464355 0.070929
8600000000000.012695 10000000000000000.000000 325.000000 0.000330 6703571407660.741211 0.062383
13750000000000.003906 10000000000000000.000000 325.000000 0.000330 12664668015295.212891 0.006764
22000000000000.019531 10000000000000000.000000 325.000000 0.000330 19429428355653.414062 0.015459
35180000000000.031250 10000000000000000.000000 325.000000 0.000330 33056187219402.507812 0.003879
56270000000000.039062 10000000000000000.000000 325.000000 0.000330 60309420176171.250000 0.004808
90000000000000.062500 10000000000000000.000000 325.000000 0.000330 81561212905522.640625 0.009701
12000000000.000008 10000000000000000.000000 330.000000 0.000330 13410586177.417028 0.012364
19190000000.000019 10000000000000000.000000 330.000000 0.000330 20960635410.375488 0.007794
30700000000.000034 10000000000000000.000000 330.000000 0.000330 36836906245.081856 0.033303
49090000000.000069 10000000000000000.000000 330.000000 0.000330 53294061212.761230 0.006756
78519999999.999939 10000000000000000.000000 330.000000 0.000330 86949323212.863205 0.010407
125599999999.999878 10000000000000000.000000 330.000000 0.000330 140549786469.759613 0.012660
200900000000.000061 10000000000000000.000000 330.000000 0.000330 258340170740.925110 0.063571
321199999999.999634 10000000000000000.000000 330.000000 0.000330 315393306737.620972 0.000333
513799999999.999634 10000000000000000.000000 330.000000 0.000330 477446635726.879272 0.005387
821700000000.000977 10000000000000000.000000 330.000000 0.000330 856241451830.945068 0.001696
1313999999999.998535 10000000000000000.000000 330.000000 0.000330 859937535109.301147 0.182461
2102000000000.002197 10000000000000000.000000 330.000000 0.000330 1489156007145.149658 0.119985
3362000000000.000000 10000000000000000.000000 330.000000 0.000330 3051122260280.402344 0.009422
5377000000000.003906 10000000000000000.000000 330.000000 0.000330 4490069617990.725586 0.032583
8600000000000.012695 10000000000000000.000000 330.000000 0.000330 6495353822910.124023 0.079297
13750000000000.003906 10000000000000000.000000 330.000000 0.000330 12239889315024.447266 0.013550
22000000000000.019531 10000000000000000.000000 330.000000 0.000330 20398445631959.984375 0.005716
35180000000000.031250 10000000000000000.000000 330.000000 0.000330 25593094121870.640625 0.102079
56270000000000.039062 10000000000000000.000000 330.000000 0.000330 52661359885067.554688 0.004395
90000000000000.062500 10000000000000000.000000 330.000000 0.000330 90968364775360.640625 0.000115
12000000000.000008 10000000000000000.000000 335.000000 0.000330 10435707705.923351 0.019540
19190000000.000019 10000000000000000.000000 335.000000 0.000330 16796052459.638371 0.017781
30700000000.000034 10000000000000000.000000 335.000000 0.000330 26411879665.875816 0.022678
49090000000.000069 10000000000000000.000000 335.000000 0.000330 48565831680.068535 0.000115
78519999999.999939 10000000000000000.000000 335.000000 0.000330 93964484444.400375 0.032330
125599999999.999878 10000000000000000.000000 335.000000 0.000330 157958419329.671234 0.052777
200900000000.000061 10000000000000000.000000 335.000000 0.000330 210679495903.221619 0.002260
321199999999.999634 10000000000000000.000000 335.000000 0.000330 421542432263.749634 0.074362
513799999999.999634 10000000000000000.000000 335.000000 0.000330 499088026084.846558 0.000844
821700000000.000977 10000000000000000.000000 335.000000 0.000330 785599716874.739136 0.002019
1313999999999.998535 10000000000000000.000000 335.000000 0.000330 1357003521291.231689 0.001037
2102000000000.002197 10000000000000000.000000 335.000000 0.000330 1979727736789.084961 0.003593
3362000000000.000000 10000000000000000.000000 335.000000 0.000330 2768324765817.633789 0.037869
5377000000000.003906 10000000000000000.000000 335.000000 0.000330 4602569519379.294922 0.024234
8600000000000.012695 10000000000000000.000000 335.000000 0.000330 8540465407710.237305 0.000048
13750000000000.003906 10000000000000000.000000 335.000000 0.000330 9906842765537.861328 0.108427
22000000000000.019531 10000000000000000.000000 335.000000 0.000330 13638157034324.595703 0.233037
35180000000000.031250 10000000000000000.000000 335.000000 0.000330 24110085438028.636719 0.144475
56270000000000.039062 10000000000000000.000000 335.000000 0.000330 47095846396551.328125 0.031759
90000000000000.062500 10000000000000000.000000 335.000000 0.000330 86578261666956.750000 0.001503
12000000000.000008 10000000000000000.000000 340.000000 0.000330 11345767730.271885 0.003144
19190000000.000019 10000000000000000.000000 340.000000 0.000330 15607791583.747591 0.042844
30700000000.000034 10000000000000000.000000 340.000000 0.000330 30742817390.307262 0.000002
49090000000.000069 10000000000000000.000000 340.000000 0.000330 48731303251.744331 0.000054
78519999999.999939 10000000000000000.000000 340.000000 0.000330 75988772749.197281 0.001074
125599999999.999878 10000000000000000.000000 340.000000 0.000330 125796312989.009186 0.000002
200900000000.000061 10000000000000000.000000 340.000000 0.000330 242521927878.739258 0.035556
321199999999.999634 10000000000000000.000000 340.000000 0.000330 324397936975.606750 0.000098
513799999999.999634 10000000000000000.000000 340.000000 0.000330 610344579216.278442 0.029723
821700000000.000977 10000000000000000.000000 340.000000 0.000330 838176456081.971313 0.000394
1313999999999.998535 10000000000000000.000000 340.000000 0.000330 1188049938924.850098 0.010162
2102000000000.002197 10000000000000000.000000 340.000000 0.000330 2376349400167.439941 0.015068
3362000000000.000000 10000000000000000.000000 340.000000 0.000330 4276899310928.060059 0.058213
5377000000000.003906 10000000000000000.000000 340.000000 0.000330 4927451880379.383789 0.007628
8600000000000.012695 10000000000000000.000000 340.000000 0.000330 8672610429617.640625 0.000071
13750000000000.003906 10000000000000000.000000 340.000000 0.000330 12785286215183.980469 0.005294
22000000000000.019531 10000000000000000.000000 340.000000 0.000330 21521654509102.089844 0.000483
35180000000000.031250 10000000000000000.000000 340.000000 0.000330 24130070791659.566406 0.143835
56270000000000.039062 10000000000000000.000000 340.000000 0.000330 57544635194478.554688 0.000502
90000000000000.062500 10000000000000000.000000 340.000000 0.000330 98560641200557.765625 0.008262
12000000000.000008 100000000000000000.000000 290.000000 0.000230 14309040948.613155 0.031051
19190000000.000019 100000000000000000.000000 290.000000 0.000230 21068106141.700077 0.008724
30700000000.000034 100000000000000000.000000 290.000000 0.000230 32969954780.509365 0.005091
49090000000.000069 100000000000000000.000000 290.000000 0.000230 50036935719.600883 0.000365
78519999999.999939 100000000000000000.000000 290.000000 0.000230 71890418944.376236 0.007786
125599999999.999878 100000000000000000.000000 290.000000 0.000230 142603103029.903198 0.016141
200900000000.000061 100000000000000000.000000 290.000000 0.000230 215216545091.016479 0.004740
321199999999.999634 100000000000000000.000000 290.000000 0.000230 331388880114.060852 0.000975
513799999999.999634 100000000000000000.000000 290.000000 0.000230 559029365739.147949 0.007122
821700000000.000977 100000000000000000.000000 290.000000 0.000230 879180530143.988525 0.004574
1313999999999.998535 100000000000000000.000000 290.000000 0.000230 1316138990729.594727 0.000003
2102000000000.002197 100000000000000000.000000 290.000000 0.000230 2176167886016.870850 0.001203
3362000000000.000000 100000000000000000.000000 290.000000 0.000230 3263404363571.203613 0.000886
5377000000000.003906 100000000000000000.000000 290.000000 0.000230 4935901899872.640625 0.007331
8600000000000.012695 100000000000000000.000000 290.000000 0.000230 8496917569454.668945 0.000145
13750000000000.003906 100000000000000000.000000 290.000000 0.000230 14654958474906.423828 0.004064
22000000000000.019531 100000000000000000.000000 290.000000 0.000230 26524229960820.238281 0.035077
35180000000000.031250 100000000000000000.000000 290.000000 0.000230 33224099632247.410156 0.003273
56270000000000.039062 100000000000000000.000000 290.000000 0.000230 56236863671760.804688 0.000000
90000000000000.062500 100000000000000000.000000 290.000000 0.000230 93724407947992.468750 0.001644
12000000000.000008 100000000000000000.000000 295.000000 0.000230 14333476251.565559 0.031657
19190000000.000019 100000000000000000.000000 295.000000 0.000230 21104060426.349300 0.009046
30700000000.000034 100000000000000000.000000 295.000000 0.000230 31863764882.960045 0.001385
49090000000.000069 100000000000000000.000000 295.000000 0.000230 47663108178.364586 0.000870
78519999999.999939 100000000000000000.000000 295.000000 0.000230 71706733137.827255 0.008245
125599999999.999878 100000000000000000.000000 295.000000 0.000230 140669822122.975372 0.012854
200900000000.000061 100000000000000000.000000 295.000000 0.000230 214667117316.659515 0.004395
321199999999.999634 100000000000000000.000000 295.000000 0.000230 316739846791.712891 0.000196
513799999999.999634 100000000000000000.000000 295.000000 0.000230 559985428897.015991 0.007414
821700000000.000977 100000000000000000.000000 295.000000 0.000230 870229114539.936523 0.003294
1313999999999.998535 100000000000000000.000000 295.000000 0.000230 1317262285327.519287 0.000006
2102000000000.002197 100000000000000000.000000 295.000000 0.000230 2176162586139.866211 0.001202
3362000000000.000000 100000000000000000.000000 295.000000 0.000230 3446564943587.545898 0.000617
5377000000000.003906 100000000000000000.000000 295.000000 0.000230 5808898964107.944336 0.005972
8600000000000.012695 100000000000000000.000000 295.000000 0.000230 8746891893006.861328 0.000287
13750000000000.003906 100000000000000000.000000 295.000000 0.000230 14272466078131.349609 0.001391
22000000000000.019531 100000000000000000.000000 295.000000 0.000230 25179297358553.746094 0.018247
35180000000000.031250 100000000000000000.000000 295.000000 0.000230 39709668937921.367188 0.014687
56270000000000.039062 100000000000000000.000000 295.000000 0.000230 67321580967494.890625 0.032242
90000000000000.062500 100000000000000000.000000 295.000000 0.000230 99999999999998.765625 0.011111
12000000000.000008 100000000000000000.000000 300.000000 0.000230 13161362105.693893 0.008540
19190000000.000019 100000000000000000.000000 300.000000 0.000230 20871877062.048733 0.007062
30700000000.000034 100000000000000000.000000 300.000000 0.000230 31191467351.098358 0.000252
49090000000.000069 100000000000000000.000000 300.000000 0.000230 46977432993.373741 0.001935
78519999999.999939 100000000000000000.000000 300.000000 0.000230 69776435030.337265 0.013954
125599999999.999878 100000000000000000.000000 300.000000 0.000230 139237081029.477753 0.010634
200900000000.000061 100000000000000000.000000 300.000000 0.000230 216320710559.837372 0.005472
321199999999.999634 100000000000000000.000000 300.000000 0.000230 325782806548.017273 0.000201
513799999999.999634 100000000000000000.000000 300.000000 0.000230 567194140337.683228 0.009783
821700000000.000977 100000000000000000.000000 300.000000 0.000230 879182324190.286011 0.004574
1313999999999.998535 100000000000000000.000000 300.000000 0.000230 1405498660192.883545 0.004533
2102000000000.002197 100000000000000000.000000 300.000000 0.000230 2168751451742.451660 0.000977
3362000000000.000000 100000000000000000.000000 300.000000 0.000230 3405632655641.489258 0.000166
5377000000000.003906 100000000000000000.000000 300.000000 0.000230 5710684752309.202148 0.003626
8600000000000.012695 100000000000000000.000000 300.000000 0.000230 9174735952562.404297 0.004186
13750000000000.003906 100000000000000000.000000 300.000000 0.000230 14505711068747.298828 0.002863
22000000000000.019531 100000000000000000.000000 300.000000 0.000230 21985677246303.886719 0.000000
35180000000000.031250 100000000000000000.000000 300.000000 0.000230 38181360440425.546875 0.006706
56270000000000.039062 100000000000000000.000000 300.000000 0.000230 66070520582686.898438 0.025835
90000000000000.062500 100000000000000000.000000 300.000000 0.000230 96976626222888.718750 0.005577
12000000000.000008 100000000000000000.000000 305.000000 0.000230 13959315522.115351 0.022917
19190000000.000019 100000000000000000.000000 305.000000 0.000230 21375473451.141251 0.011644
30700000000.000034 100000000000000000.000000 305.000000 0.000230 31351408866.906918 0.000441
49090000000.000069 100000000000000000.000000 305.000000 0.000230 48400477458.535233 0.000200
78519999999.999939 100000000000000000.000000 305.000000 0.000230 70434030074.291550 0.011822
125599999999.999878 100000000000000000.000000 305.000000 0.000230 141632864794.081451 0.014450
200900000000.000061 100000000000000000.000000 305.000000 0.000230 215767813036.873474 0.005099
321199999999.999634 100000000000000000.000000 305.000000 0.000230 319998924805.641602 0.000014
513799999999.999634 100000000000000000.000000 305.000000 0.000230 627761151131.123047 0.040265
821700000000.000977 100000000000000000.000000 305.000000 0.000230 915913285994.881714 0.011794
1313999999999.998535 100000000000000000.000000 305.000000 0.000230 1405477219393.887207 0.004531
2102000000000.002197 100000000000000000.000000 305.000000 0.000230 2141190921801.865723 0.000341
3362000000000.000000 100000000000000000.000000 305.000000 0.000230 3569201643862.861816 0.003578
5377000000000.003906 100000000000000000.000000 305.000000 0.000230 6266865205945.276367 0.023499
8600000000000.012695 100000000000000000.000000 305.000000 0.000230 9277027985799.871094 0.005745
13750000000000.003906 100000000000000000.000000 305.000000 0.000230 15370838069938.544922 0.012430
22000000000000.019531 100000000000000000.000000 305.000000 0.000230 24107333063246.777344 0.008373
35180000000000.031250 100000000000000000.000000 305.000000 0.000230 38937967949943.703125 0.010309
56270000000000.039062 100000000000000000.000000 305.000000 0.000230 59797524994980.882812 0.003698
90000000000000.062500 100000000000000000.000000 305.000000 0.000230 99999999999998.765625 0.011111
12000000000.000008 100000000000000000.000000 310.000000 0.000230 13805384618.582394 0.019675
19190000000.000019 100000000000000000.000000 310.000000 0.000230 21375494945.924904 0.011644
30700000000.000034 100000000000000000.000000 310.000000 0.000230 31890936412.742306 0.001449
49090000000.000069 100000000000000000.000000 310.000000 0.000230 48690217964.396042 0.000067
78519999999.999939 100000000000000000.000000 310.000000 0.000230 70194156347.718369 0.012577
125599999999.999878 100000000000000000.000000 310.000000 0.000230 141391100132.898743 0.014041
200900000000.000061 100000000000000000.000000 310.000000 0.000230 215583828076.556915 0.004978
321199999999.999634 100000000000000000.000000 310.000000 0.000230 334797557749.765381 0.001719
513799999999.999634 100000000000000000.000000 310.000000 0.000230 628296723766.876343 0.040609
821700000000.000977 100000000000000000.000000 310.000000 0.000230 988982409128.849731 0.034435
1313999999999.998535 100000000000000000.000000 310.000000 0.000230 1371151323665.459717 0.001813
2102000000000.002197 100000000000000000.000000 310.000000 0.000230 2155842000863.790771 0.000640
3362000000000.000000 100000000000000000.000000 310.000000 0.000230 3763095675130.582520 0.012716
5377000000000.003906 100000000000000000.000000 310.000000 0.000230 5744862686207.515625 0.004381
8600000000000.012695 100000000000000000.000000 310.000000 0.000230 9372444833069.335938 0.007403
13750000000000.003906 100000000000000000.000000 310.000000 0.000230 14856201140442.560547 0.005990
22000000000000.019531 100000000000000000.000000 310.000000 0.000230 24584996814722.902344 0.012355
35180000000000.031250 100000000000000000.000000 310.000000 0.000230 41158440541904.906250 0.024684
56270000000000.039062 100000000000000000.000000 310.000000 0.000230 68304523555216.304688 0.037682
90000000000000.062500 100000000000000000.000000 310.000000 0.000230 96317305383812.125000 0.004604
12000000000.000008 100000000000000000.000000 315.000000 0.000230 14235984695.477024 0.029266
19190000000.000019 100000000000000000.000000 315.000000 0.000230 21412016875.348625 0.012016
30700000000.000034 100000000000000000.000000 315.000000 0.000230 31351430607.030590 0.000441
49090000000.000069 100000000000000000.000000 315.000000 0.000230 47460504040.488503 0.001140
78519999999.999939 100000000000000000.000000 315.000000 0.000230 70014804628.628616 0.013158
125599999999.999878 100000000000000000.000000 315.000000 0.000230 138525446494.666840 0.009602
200900000000.000061 100000000000000000.000000 315.000000 0.000230 216136471487.102478 0.005346
321199999999.999634 100000000000000000.000000 315.000000 0.000230 316200000000.003174 0.000246
513799999999.999634 100000000000000000.000000 315.000000 0.000230 636927091761.058472 0.046326
821700000000.000977 100000000000000000.000000 315.000000 0.000230 959081458050.675049 0.023949
1313999999999.998535 100000000000000000.000000 315.000000 0.000230 1458011923013.916260 0.010825
2102000000000.002197 100000000000000000.000000 315.000000 0.000230 2166900639565.084473 0.000925
3362000000000.000000 100000000000000000.000000 315.000000 0.000230 3348017041708.482422 0.000017
5377000000000.003906 100000000000000000.000000 315.000000 0.000230 5725306226553.323242 0.003941
8600000000000.012695 100000000000000000.000000 315.000000 0.000230 9485009938502.687500 0.009602
13750000000000.003906 100000000000000000.000000 315.000000 0.000230 15293219923667.802734 0.011325
22000000000000.019531 100000000000000000.000000 315.000000 0.000230 23882244153760.625000 0.006743
35180000000000.031250 100000000000000000.000000 315.000000 0.000230 38938011789815.578125 0.010310
56270000000000.039062 100000000000000000.000000 315.000000 0.000230 65119745520552.375000 0.021373
90000000000000.062500 100000000000000000.000000 315.000000 0.000230 99574516046352.625000 0.010229
12000000000.000008 100000000000000000.000000 320.000000 0.000230 12719813513.104258 0.003395
19190000000.000019 100000000000000000.000000 320.000000 0.000230 21357353992.570061 0.011461
30700000000.000034 100000000000000000.000000 320.000000 0.000230 31593068333.955475 0.000822
49090000000.000069 100000000000000000.000000 320.000000 0.000230 47866900568.948868 0.000637
78519999999.999939 100000000000000000.000000 320.000000 0.000230 70313979327.838654 0.012197
125599999999.999878 100000000000000000.000000 320.000000 0.000230 142481046863.890656 0.015924
200900000000.000061 100000000000000000.000000 320.000000 0.000230 216136254144.453491 0.005346
321199999999.999634 100000000000000000.000000 320.000000 0.000230 367736208086.296509 0.018335
513799999999.999634 100000000000000000.000000 320.000000 0.000230 615045107574.207397 0.032437
821700000000.000977 100000000000000000.000000 320.000000 0.000230 977237188878.387085 0.030127
1313999999999.998535 100000000000000000.000000 320.000000 0.000230 1488155538727.024658 0.015511
2102000000000.002197 100000000000000000.000000 320.000000 0.000230 2161361924221.446289 0.000776
3362000000000.000000 100000000000000000.000000 320.000000 0.000230 3311083576774.121094 0.000233
5377000000000.003906 100000000000000000.000000 320.000000 0.000230 5759564924502.839844 0.004726
8600000000000.012695 100000000000000000.000000 320.000000 0.000230 9229683615351.763672 0.004995
13750000000000.003906 100000000000000000.000000 320.000000 0.000230 16484473941295.667969 0.032989
22000000000000.019531 100000000000000000.000000 320.000000 0.000230 24334610085412.281250 0.010181
35180000000000.031250 100000000000000000.000000 320.000000 0.000230 42842355605731.296875 0.038954
56270000000000.039062 100000000000000000.000000 320.000000 0.000230 65175415732994.445312 0.021625
90000000000000.062500 100000000000000000.000000 320.000000 0.000230 99914758009153.703125 0.010932
12000000000.000008 100000000000000000.000000 325.000000 0.000230 13664803780.968615 0.016902
19190000000.000019 100000000000000000.000000 325.000000 0.000230 21430312008.715923 0.012204
30700000000.000034 100000000000000000.000000 325.000000 0.000230 31539186316.327339 0.000727
49090000000.000069 100000000000000000.000000 325.000000 0.000230 48814867865.357971 0.000032
78519999999.999939 100000000000000000.000000 325.000000 0.000230 71523516663.298080 0.008716
125599999999.999878 100000000000000000.000000 325.000000 0.000230 135718452923.822723 0.006006
200900000000.000061 100000000000000000.000000 325.000000 0.000230 216690095784.952209 0.005727
321199999999.999634 100000000000000000.000000 325.000000 0.000230 341139423451.771912 0.003628
513799999999.999634 100000000000000000.000000 325.000000 0.000230 597470836001.733521 0.022805
821700000000.000977 100000000000000000.000000 325.000000 0.000230 931666861498.679077 0.015796
1313999999999.998535 100000000000000000.000000 325.000000 0.000230 1443155486064.982666 0.008797
2102000000000.002197 100000000000000000.000000 325.000000 0.000230 2384144400050.499023 0.015885
3362000000000.000000 100000000000000000.000000 325.000000 0.000230 3291364326697.276367 0.000451
5377000000000.003906 100000000000000000.000000 325.000000 0.000230 5552229012176.700195 0.001029
8600000000000.012695 100000000000000000.000000 325.000000 0.000230 9042700697976.593750 0.002520
13750000000000.003906 100000000000000000.000000 325.000000 0.000230 14755203123736.644531 0.004980
22000000000000.019531 100000000000000000.000000 325.000000 0.000230 26934617979062.929688 0.041094
35180000000000.031250 100000000000000000.000000 325.000000 0.000230 37921631495768.585938 0.005634
56270000000000.039062 100000000000000000.000000 325.000000 0.000230 67666869190461.195312 0.034113
90000000000000.062500 100000000000000000.000000 325.000000 0.000230 97142237951594.015625 0.005835
12000000000.000008 100000000000000000.000000 330.000000 0.000230 14102866658.242550 0.026130
19190000000.000019 100000000000000000.000000 330.000000 0.000230 20996948392.389400 0.008103
30700000000.000034 100000000000000000.000000 330.000000 0.000230 31431789354.344177 0.000555
49090000000.000069 100000000000000000.000000 330.000000 0.000230 49866628909.770493 0.000246
78519999999.999939 100000000000000000.000000 330.000000 0.000230 71523516663.298080 0.008716
125599999999.999878 100000000000000000.000000 330.000000 0.000230 122721338189.942215 0.000538
200900000000.000061 100000000000000000.000000 330.000000 0.000230 216136471487.103363 0.005346
321199999999.999634 100000000000000000.000000 330.000000 0.000230 356005527307.023743 0.010594
513799999999.999634 100000000000000000.000000 330.000000 0.000230 575962384902.389526 0.013058
821700000000.000977 100000000000000000.000000 330.000000 0.000230 960713312016.055176 0.024480
1313999999999.998535 100000000000000000.000000 330.000000 0.000230 1485623637096.372314 0.015089
2102000000000.002197 100000000000000000.000000 330.000000 0.000230 2165053243952.223633 0.000874
3362000000000.000000 100000000000000000.000000 330.000000 0.000230 3257844284344.288086 0.000990
5377000000000.003906 100000000000000000.000000 330.000000 0.000230 5974661765645.094727 0.011119
8600000000000.012695 100000000000000000.000000 330.000000 0.000230 9112358619055.046875 0.003350
13750000000000.003906 100000000000000000.000000 330.000000 0.000230 14767792084212.111328 0.005102
22000000000000.019531 100000000000000000.000000 330.000000 0.000230 26120073839090.230469 0.029540
35180000000000.031250 100000000000000000.000000 330.000000 0.000230 35238761994364.171875 0.000003
56270000000000.039062 100000000000000000.000000 330.000000 0.000230 52171727259600.500000 0.005721
90000000000000.062500 100000000000000000.000000 330.000000 0.000230 97059361554979.703125 0.005705
12000000000.000008 100000000000000000.000000 335.000000 0.000230 14382016404.181112 0.032877
19190000000.000019 100000000000000000.000000 335.000000 0.000230 21086867852.250549 0.008892
30700000000.000034 100000000000000000.000000 335.000000 0.000230 32136772434.194447 0.002092
49090000000.000069 100000000000000000.000000 335.000000 0.000230 49023474426.295883 0.000002
78519999999.999939 100000000000000000.000000 335.000000 0.000230 71951752050.271790 0.007636
125599999999.999878 100000000000000000.000000 335.000000 0.000230 141753281714.676727 0.014655
200900000000.000061 100000000000000000.000000 335.000000 0.000230 216320710559.837372 0.005472
321199999999.999634 100000000000000000.000000 335.000000 0.000230 321915235704.888000 0.000005
513799999999.999634 100000000000000000.000000 335.000000 0.000230 668647685195.256592 0.069794
821700000000.000977 100000000000000000.000000 335.000000 0.000230 968939102099.560913 0.027229
1313999999999.998535 100000000000000000.000000 335.000000 0.000230 1475526952811.716797 0.013457
2102000000000.002197 100000000000000000.000000 335.000000 0.000230 2157678130368.752441 0.000684
3362000000000.000000 100000000000000000.000000 335.000000 0.000230 3890472425604.303223 0.021352
5377000000000.003906 100000000000000000.000000 335.000000 0.000230 6456695237171.399414 0.033578
8600000000000.012695 100000000000000000.000000 335.000000 0.000230 10250420484573.896484 0.030899
13750000000000.003906 100000000000000000.000000 335.000000 0.000230 15008826313052.494141 0.007679
22000000000000.019531 100000000000000000.000000 335.000000 0.000230 22613254997553.132812 0.000756
35180000000000.031250 100000000000000000.000000 335.000000 0.000230 42696464318972.476562 0.037613
56270000000000.039062 100000000000000000.000000 335.000000 0.000230 59543130681470.632812 0.003198
90000000000000.062500 100000000000000000.000000 335.000000 0.000230 99999999999998.765625 0.011111
12000000000.000008 100000000000000000.000000 340.000000 0.000230 13537098237.885904 0.014544
19190000000.000019 100000000000000000.000000 340.000000 0.000230 22307200057.634968 0.022699
30700000000.000034 100000000000000000.000000 340.000000 0.000230 31809474130.593510 0.001260
49090000000.000069 100000000000000000.000000 340.000000 0.000230 48814895345.437897 0.000032
78519999999.999939 100000000000000000.000000 340.000000 0.000230 73376970464.862305 0.004591
125599999999.999878 100000000000000000.000000 340.000000 0.000230 131948653257.720337 0.002432
200900000000.000061 100000000000000000.000000 340.000000 0.000230 227876483040.695618 0.015896
321199999999.999634 100000000000000000.000000 340.000000 0.000230 341141151839.896484 0.003629
513799999999.999634 100000000000000000.000000 340.000000 0.000230 678410287964.257935 0.077737
821700000000.000977 100000000000000000.000000 340.000000 0.000230 1100192589498.213867 0.085792
1313999999999.998535 100000000000000000.000000 340.000000 0.000230 1520196850129.887207 0.021285
2102000000000.002197 100000000000000000.000000 340.000000 0.000230 2466889218603.223633 0.025677
3362000000000.000000 100000000000000000.000000 340.000000 0.000230 4158136858152.709473 0.045340
5377000000000.003906 100000000000000000.000000 340.000000 0.000230 5749765488646.478516 0.004494
8600000000000.012695 100000000000000000.000000 340.000000 0.000230 10624236007076.001953 0.044846
13750000000000.003906 100000000000000000.000000 340.000000 0.000230 14418410411436.537109 0.002254
22000000000000.019531 100000000000000000.000000 340.000000 0.000230 23478168564178.781250 0.004230
35180000000000.031250 100000000000000000.000000 340.000000 0.000230 40393095709866.296875 0.019124
56270000000000.039062 100000000000000000.000000 340.000000 0.000230 60052988764351.085938 0.004235
90000000000000.062500 100000000000000000.000000 340.000000 0.000230 88142826686304.109375 0.000435
11000000000.000008 56229999999999776.000000 290.000000 0.000180 10444691564.476879 0.002684
14479999999.999977 56229999999999776.000000 290.000000 0.000180 14223694739.527433 0.000319
19050000000.000023 56229999999999776.000000 290.000000 0.000180 20310149663.735847 0.004104
25080000000.000031 56229999999999776.000000 290.000000 0.000180 23239965763.822823 0.005809
33000000000.000038 56229999999999776.000000 290.000000 0.000180 31138205487.561089 0.003373
43429999999.999931 56229999999999776.000000 290.000000 0.000180 45751518944.613503 0.002712
57160000000.000046 56229999999999776.000000 290.000000 0.000180 53797945916.804634 0.003676
75230000000.000061 56229999999999776.000000 290.000000 0.000180 69066123420.938583 0.007312
99000000000.000153 56229999999999776.000000 290.000000 0.000180 97974154426.321152 0.000108
130299999999.999741 56229999999999776.000000 290.000000 0.000180 112110640477.327774 0.022649
171500000000.000092 56229999999999776.000000 290.000000 0.000180 146800000000.000488 0.024233
225700000000.000061 56229999999999776.000000 290.000000 0.000180 215216761508.822937 0.002262
297000000000.000549 56229999999999776.000000 290.000000 0.000180 300167680339.728516 0.000113
390899999999.999390 56229999999999776.000000 290.000000 0.000180 429890459607.011292 0.009047
514500000000.000427 56229999999999776.000000 290.000000 0.000180 540725024427.313293 0.002472
677100000000.000366 56229999999999776.000000 290.000000 0.000180 679559618095.092773 0.000013
891100000000.000977 56229999999999776.000000 290.000000 0.000180 978906070268.163330 0.008839
1173000000000.001465 56229999999999776.000000 290.000000 0.000180 1067914782687.675171 0.008816
1543000000000.002441 56229999999999776.000000 290.000000 0.000180 1483069603274.926758 0.001570
2030999999999.996338 56229999999999776.000000 290.000000 0.000180 2154000000000.013184 0.003458
2672999999999.996094 56229999999999776.000000 290.000000 0.000180 2517952396393.121582 0.003572
3518000000000.003418 56229999999999776.000000 290.000000 0.000180 3121871482983.433105 0.014288
4629999999999.992188 56229999999999776.000000 290.000000 0.000180 4642000000000.007812 0.000007
6094000000000.000000 56229999999999776.000000 290.000000 0.000180 5324895170946.387695 0.018229
8019999999999.998047 56229999999999776.000000 290.000000 0.000180 8225944387610.213867 0.000643
10560000000000.019531 56229999999999776.000000 290.000000 0.000180 10311909531396.472656 0.000565
13889999999999.982422 56229999999999776.000000 290.000000 0.000180 14818236973666.634766 0.004186
18279999999999.976562 56229999999999776.000000 290.000000 0.000180 18508498011074.789062 0.000154
24060000000000.003906 56229999999999776.000000 290.000000 0.000180 24107429005195.988281 0.000004
31670000000000.015625 56229999999999776.000000 290.000000 0.000180 31593202830615.843750 0.000006
41669999999999.960938 56229999999999776.000000 290.000000 0.000180 44141266976025.984375 0.003320
54850000000000.070312 56229999999999776.000000 290.000000 0.000180 56670085622515.835938 0.001066
72180000000000.046875 56229999999999776.000000 290.000000 0.000180 66579278371009.460938 0.006527
94999999999999.968750 56229999999999776.000000 290.000000 0.000180 99489654111469.625000 0.002133
11000000000.000008 56229999999999776.000000 300.000000 0.000180 10373650233.287243 0.003438
14479999999.999977 56229999999999776.000000 300.000000 0.000180 13444767776.681351 0.005505
19050000000.000023 56229999999999776.000000 300.000000 0.000180 17215645099.918495 0.010260
25080000000.000031 56229999999999776.000000 300.000000 0.000180 22098807784.985825 0.016036
33000000000.000038 56229999999999776.000000 300.000000 0.000180 31458596625.995903 0.002289
43429999999.999931 56229999999999776.000000 300.000000 0.000180 45401591884.462448 0.001971
57160000000.000046 56229999999999776.000000 300.000000 0.000180 49739209311.161232 0.019369
75230000000.000061 56229999999999776.000000 300.000000 0.000180 70614504132.288651 0.004010
99000000000.000153 56229999999999776.000000 300.000000 0.000180 100085347718.276932 0.000119
130299999999.999741 56229999999999776.000000 300.000000 0.000180 126225111879.425339 0.001010
171500000000.000092 56229999999999776.000000 300.000000 0.000180 147301151639.743774 0.023180
225700000000.000061 56229999999999776.000000 300.000000 0.000180 215399999999.999542 0.002182
297000000000.000549 56229999999999776.000000 300.000000 0.000180 319180719968.081055 0.005190
390899999999.999390 56229999999999776.000000 300.000000 0.000180 464198372843.529419 0.029609
514500000000.000427 56229999999999776.000000 300.000000 0.000180 572515574537.477417 0.011427
677100000000.000366 56229999999999776.000000 300.000000 0.000180 647322473442.966431 0.002023
891100000000.000977 56229999999999776.000000 300.000000 0.000180 1000000000000.000000 0.013309
1173000000000.001465 56229999999999776.000000 300.000000 0.000180 1222011243651.956299 0.001676
1543000000000.002441 56229999999999776.000000 300.000000 0.000180 1516305802711.598145 0.000305
2030999999999.996338 56229999999999776.000000 300.000000 0.000180 2154000000000.013184 0.003458
2672999999999.996094 56229999999999776.000000 300.000000 0.000180 2981256534000.524414 0.011924
3518000000000.003418 56229999999999776.000000 300.000000 0.000180 3426064447832.190918 0.000701
4629999999999.992188 56229999999999776.000000 300.000000 0.000180 4575161487175.363281 0.000142
6094000000000.000000 56229999999999776.000000 300.000000 0.000180 6795589136307.481445 0.011886
8019999999999.998047 56229999999999776.000000 300.000000 0.000180 8475203953680.938477 0.003049
10560000000000.019531 56229999999999776.000000 300.000000 0.000180 11096878411227.888672 0.002460
13889999999999.982422 56229999999999776.000000 300.000000 0.000180 14667440001236.630859 0.002967
18279999999999.976562 56229999999999776.000000 300.000000 0.000180 20189372367887.699219 0.009878
24060000000000.003906 56229999999999776.000000 300.000000 0.000180 26820023504894.867188 0.011805
31670000000000.015625 56229999999999776.000000 300.000000 0.000180 36994855575062.585938 0.024201
41669999999999.960938 56229999999999776.000000 300.000000 0.000180 42805840410023.695312 0.000723
54850000000000.070312 56229999999999776.000000 300.000000 0.000180 53660562343538.578125 0.000481
72180000000000.046875 56229999999999776.000000 300.000000 0.000180 74894211534168.937500 0.001363
94999999999999.968750 56229999999999776.000000 300.000000 0.000180 99999999999998.765625 0.002632
11000000000.000008 56229999999999776.000000 310.000000 0.000180 10068482481.664671 0.007835
14479999999.999977 56229999999999776.000000 310.000000 0.000180 14345679243.183378 0.000087
19050000000.000023 56229999999999776.000000 310.000000 0.000180 18103241093.992260 0.002599
25080000000.000031 56229999999999776.000000 310.000000 0.000180 22004440406.748665 0.017140
33000000000.000038 56229999999999776.000000 310.000000 0.000180 31512292889.262600 0.002128
43429999999.999931 56229999999999776.000000 310.000000 0.000180 44367655925.261703 0.000456
57160000000.000046 56229999999999776.000000 310.000000 0.000180 52439371861.264969 0.007434
75230000000.000061 56229999999999776.000000 310.000000 0.000180 70554392825.471481 0.004119
99000000000.000153 56229999999999776.000000 310.000000 0.000180 99066324306.605591 0.000000
130299999999.999741 56229999999999776.000000 310.000000 0.000180 101981638089.315414 0.060349
171500000000.000092 56229999999999776.000000 310.000000 0.000180 146925135270.745819 0.023967
225700000000.000061 56229999999999776.000000 310.000000 0.000180 217616720673.121918 0.001330
297000000000.000549 56229999999999776.000000 310.000000 0.000180 280126548600.915405 0.003422
390899999999.999390 56229999999999776.000000 310.000000 0.000180 451696060272.614197 0.020933
514500000000.000427 56229999999999776.000000 310.000000 0.000180 458675218247.157715 0.013206
677100000000.000366 56229999999999776.000000 310.000000 0.000180 693018861681.429565 0.000540
891100000000.000977 56229999999999776.000000 310.000000 0.000180 1000000000000.000000 0.013309
1173000000000.001465 56229999999999776.000000 310.000000 0.000180 1194177837148.884521 0.000320
1543000000000.002441 56229999999999776.000000 310.000000 0.000180 1500894217881.786865 0.000766
2030999999999.996338 56229999999999776.000000 310.000000 0.000180 2154000000000.013184 0.003458
2672999999999.996094 56229999999999776.000000 310.000000 0.000180 2739831706814.903320 0.000610
3518000000000.003418 56229999999999776.000000 310.000000 0.000180 3221937428016.210938 0.007733
4629999999999.992188 56229999999999776.000000 310.000000 0.000180 4649897257406.415039 0.000018
6094000000000.000000 56229999999999776.000000 310.000000 0.000180 6352931082561.664062 0.001732
8019999999999.998047 56229999999999776.000000 310.000000 0.000180 9396477803430.281250 0.025142
10560000000000.019531 56229999999999776.000000 310.000000 0.000180 10462536202771.162109 0.000086
13889999999999.982422 56229999999999776.000000 310.000000 0.000180 14115078478138.148438 0.000258
18279999999999.976562 56229999999999776.000000 310.000000 0.000180 19612765871993.472656 0.004954
24060000000000.003906 56229999999999776.000000 310.000000 0.000180 26053337024215.429688 0.006339
31670000000000.015625 56229999999999776.000000 310.000000 0.000180 32495432315331.800781 0.000662
41669999999999.960938 56229999999999776.000000 310.000000 0.000180 44367655925260.984375 0.003936
54850000000000.070312 56229999999999776.000000 310.000000 0.000180 58987243330087.242188 0.005290
72180000000000.046875 56229999999999776.000000 310.000000 0.000180 78557712939801.250000 0.007173
94999999999999.968750 56229999999999776.000000 310.000000 0.000180 98644758552371.375000 0.001418
11000000000.000008 56229999999999776.000000 320.000000 0.000180 10137433948.358753 0.006672
14479999999.999977 56229999999999776.000000 320.000000 0.000180 11830064904.105480 0.040993
19050000000.000023 56229999999999776.000000 320.000000 0.000180 16838327622.109909 0.015249
25080000000.000031 56229999999999776.000000 320.000000 0.000180 21743360197.237080 0.020416
33000000000.000038 56229999999999776.000000 320.000000 0.000180 31351413214.930447 0.002627
43429999999.999931 56229999999999776.000000 320.000000 0.000180 40669666348.013245 0.004314
57160000000.000046 56229999999999776.000000 320.000000 0.000180 49485429605.275421 0.020823
75230000000.000061 56229999999999776.000000 320.000000 0.000180 71097891905.679321 0.003192
99000000000.000153 56229999999999776.000000 320.000000 0.000180 99744583949.656830 0.000056
130299999999.999741 56229999999999776.000000 320.000000 0.000180 103030812197.640686 0.055390
171500000000.000092 56229999999999776.000000 320.000000 0.000180 149067239968.366699 0.019684
225700000000.000061 56229999999999776.000000 320.000000 0.000180 214667117316.659515 0.002512
297000000000.000549 56229999999999776.000000 320.000000 0.000180 275859489816.006958 0.005455
390899999999.999390 56229999999999776.000000 320.000000 0.000180 463802290342.028320 0.029315
514500000000.000427 56229999999999776.000000 320.000000 0.000180 537965885005.202087 0.001989
677100000000.000366 56229999999999776.000000 320.000000 0.000180 681881202903.719238 0.000050
891100000000.000977 56229999999999776.000000 320.000000 0.000180 1000000000000.000000 0.013309
1173000000000.001465 56229999999999776.000000 320.000000 0.000180 1253678064027.999756 0.004426
1543000000000.002441 56229999999999776.000000 320.000000 0.000180 1509852060834.900146 0.000472
2030999999999.996338 56229999999999776.000000 320.000000 0.000180 2152170292465.399170 0.003359
2672999999999.996094 56229999999999776.000000 320.000000 0.000180 3090006068319.669922 0.021054
3518000000000.003418 56229999999999776.000000 320.000000 0.000180 3728045603487.312012 0.003364
4629999999999.992188 56229999999999776.000000 320.000000 0.000180 4626181477631.887695 0.000001
6094000000000.000000 56229999999999776.000000 320.000000 0.000180 6606980566453.840820 0.006536
8019999999999.998047 56229999999999776.000000 320.000000 0.000180 8381759248788.814453 0.001947
10560000000000.019531 56229999999999776.000000 320.000000 0.000180 11355468357359.521484 0.005277
13889999999999.982422 56229999999999776.000000 320.000000 0.000180 14717572590662.429688 0.003350
18279999999999.976562 56229999999999776.000000 320.000000 0.000180 19865275256058.367188 0.006921
24060000000000.003906 56229999999999776.000000 320.000000 0.000180 26075624075726.941406 0.006476
31670000000000.015625 56229999999999776.000000 320.000000 0.000180 35058818683841.554688 0.010343
41669999999999.960938 56229999999999776.000000 320.000000 0.000180 47622700577417.414062 0.017856
54850000000000.070312 56229999999999776.000000 320.000000 0.000180 60515532463613.546875 0.009670
72180000000000.046875 56229999999999776.000000 320.000000 0.000180 81283585340752.203125 0.014126
94999999999999.968750 56229999999999776.000000 320.000000 0.000180 99066358888774.781250 0.001757
11000000000.000008 56229999999999776.000000 330.000000 0.000180 10250488624.816404 0.004982
14479999999.999977 56229999999999776.000000 330.000000 0.000180 14856053538.453846 0.000657
19050000000.000023 56229999999999776.000000 330.000000 0.000180 16766902669.941839 0.016319
25080000000.000031 56229999999999776.000000 330.000000 0.000180 22364155979.290836 0.013150
33000000000.000038 56229999999999776.000000 330.000000 0.000180 31539260675.527569 0.002050
43429999999.999931 56229999999999776.000000 330.000000 0.000180 45169740172.438499 0.001543
57160000000.000046 56229999999999776.000000 330.000000 0.000180 52888401620.006889 0.006036
75230000000.000061 56229999999999776.000000 330.000000 0.000180 72136131159.910431 0.001764
99000000000.000153 56229999999999776.000000 330.000000 0.000180 99744590624.715973 0.000056
130299999999.999741 56229999999999776.000000 330.000000 0.000180 104179976661.413025 0.050260
171500000000.000092 56229999999999776.000000 330.000000 0.000180 147050377209.310638 0.023704
225700000000.000061 56229999999999776.000000 330.000000 0.000180 215583828076.556915 0.002103
297000000000.000549 56229999999999776.000000 330.000000 0.000180 315930376632.025879 0.003819
390899999999.999390 56229999999999776.000000 330.000000 0.000180 464591205913.153442 0.029902
514500000000.000427 56229999999999776.000000 330.000000 0.000180 556630395202.145264 0.006198
677100000000.000366 56229999999999776.000000 330.000000 0.000180 676670530249.664429 0.000000
891100000000.000977 56229999999999776.000000 330.000000 0.000180 1000000000000.000000 0.013309
1173000000000.001465 56229999999999776.000000 330.000000 0.000180 1428465725856.878174 0.038949
1543000000000.002441 56229999999999776.000000 330.000000 0.000180 1787364377395.738281 0.021652
2030999999999.996338 56229999999999776.000000 330.000000 0.000180 2165053243952.223633 0.004087
2672999999999.996094 56229999999999776.000000 330.000000 0.000180 3159302580199.845703 0.028004
3518000000000.003418 56229999999999776.000000 330.000000 0.000180 4295224321527.741699 0.039977
4629999999999.992188 56229999999999776.000000 330.000000 0.000180 5172894336003.125977 0.012306
6094000000000.000000 56229999999999776.000000 330.000000 0.000180 7019443561450.810547 0.020021
8019999999999.998047 56229999999999776.000000 330.000000 0.000180 9501206534015.335938 0.028792
10560000000000.019531 56229999999999776.000000 330.000000 0.000180 12676505315191.507812 0.033464
13889999999999.982422 56229999999999776.000000 330.000000 0.000180 14906882948307.005859 0.004994
18279999999999.976562 56229999999999776.000000 330.000000 0.000180 20853843007890.429688 0.017378
24060000000000.003906 56229999999999776.000000 330.000000 0.000180 27680168834146.285156 0.019679
31670000000000.015625 56229999999999776.000000 330.000000 0.000180 40084033763038.109375 0.055769
41669999999999.960938 56229999999999776.000000 330.000000 0.000180 47785236217857.882812 0.018781
54850000000000.070312 56229999999999776.000000 330.000000 0.000180 63097549730133.046875 0.019654
72180000000000.046875 56229999999999776.000000 330.000000 0.000180 76442850330604.906250 0.003293
94999999999999.968750 56229999999999776.000000 330.000000 0.000180 99659412759921.640625 0.002293
11000000000.000008 56229999999999776.000000 340.000000 0.000180 10706319207.138523 0.000732
14479999999.999977 56229999999999776.000000 340.000000 0.000180 12600992689.604660 0.019350
19050000000.000023 56229999999999776.000000 340.000000 0.000180 15877203163.758989 0.033282
25080000000.000031 56229999999999776.000000 340.000000 0.000180 22632767996.844547 0.010551
33000000000.000038 56229999999999776.000000 340.000000 0.000180 32913752139.331764 0.000007
43429999999.999931 56229999999999776.000000 340.000000 0.000180 38640006916.650848 0.013672
57160000000.000046 56229999999999776.000000 340.000000 0.000180 52127417094.960938 0.008500
75230000000.000061 56229999999999776.000000 340.000000 0.000180 69776678028.640305 0.005665
99000000000.000153 56229999999999776.000000 340.000000 0.000180 98309349451.233643 0.000049
130299999999.999741 56229999999999776.000000 340.000000 0.000180 103736147542.802048 0.052204
171500000000.000092 56229999999999776.000000 340.000000 0.000180 156221969705.634949 0.008712
225700000000.000061 56229999999999776.000000 340.000000 0.000180 223640191237.941101 0.000084
297000000000.000549 56229999999999776.000000 340.000000 0.000180 289601940795.140259 0.000636
390899999999.999390 56229999999999776.000000 340.000000 0.000180 484413099511.581665 0.046181
514500000000.000427 56229999999999776.000000 340.000000 0.000180 699559211185.452881 0.095151
677100000000.000366 56229999999999776.000000 340.000000 0.000180 683046437182.220093 0.000076
891100000000.000977 56229999999999776.000000 340.000000 0.000180 1033816654494.063110 0.022110
1173000000000.001465 56229999999999776.000000 340.000000 0.000180 1378193335003.827881 0.026045
1543000000000.002441 56229999999999776.000000 340.000000 0.000180 1709935136793.310303 0.010562
2030999999999.996338 56229999999999776.000000 340.000000 0.000180 2179877952409.256592 0.005006
2672999999999.996094 56229999999999776.000000 340.000000 0.000180 3053318931024.859375 0.017722
3518000000000.003418 56229999999999776.000000 340.000000 0.000180 4602389714948.542969 0.072626
4629999999999.992188 56229999999999776.000000 340.000000 0.000180 5037910589316.313477 0.007133
6094000000000.000000 56229999999999776.000000 340.000000 0.000180 6906646023625.111328 0.015690
8019999999999.998047 56229999999999776.000000 340.000000 0.000180 10241689422596.431641 0.060093
10560000000000.019531 56229999999999776.000000 340.000000 0.000180 11769685027525.843750 0.011774
13889999999999.982422 56229999999999776.000000 340.000000 0.000180 16301865158280.359375 0.025690
18279999999999.976562 56229999999999776.000000 340.000000 0.000180 23003115627554.429688 0.053051
24060000000000.003906 56229999999999776.000000 340.000000 0.000180 27049881522071.007812 0.013736
31670000000000.015625 56229999999999776.000000 340.000000 0.000180 35059010952666.921875 0.010344
41669999999999.960938 56229999999999776.000000 340.000000 0.000180 43356680133174.796875 0.001575
54850000000000.070312 56229999999999776.000000 340.000000 0.000180 57350615638808.531250 0.001988
72180000000000.046875 56229999999999776.000000 340.000000 0.000180 95255383373731.640625 0.077445
94999999999999.968750 56229999999999776.000000 340.000000 0.000180 99320109555382.421875 0.001978
11000000000.000008 5623000000000000.000000 295.000000 0.000380 10198153720.301674 0.005731
14479999999.999977 5623000000000000.000000 295.000000 0.000380 14066551357.613592 0.000839
19050000000.000023 5623000000000000.000000 295.000000 0.000380 16246347781.757904 0.025398
25080000000.000031 5623000000000000.000000 295.000000 0.000380 21541079768.153812 0.023182
33000000000.000038 5623000000000000.000000 295.000000 0.000380 30068001467.870014 0.008664
43429999999.999931 5623000000000000.000000 295.000000 0.000380 36963253260.124290 0.026050
57160000000.000046 5623000000000000.000000 295.000000 0.000380 37534268233.972473 0.179528
75230000000.000061 5623000000000000.000000 295.000000 0.000380 49399310979.675995 0.179540
99000000000.000153 5623000000000000.000000 295.000000 0.000380 51506791987.364853 0.442347
130299999999.999741 5623000000000000.000000 295.000000 0.000380 67151571789.631851 0.455748
171500000000.000092 5623000000000000.000000 295.000000 0.000380 72074716656.519302 0.799736
225700000000.000061 5623000000000000.000000 295.000000 0.000380 73004221628.077332 1.415059
297000000000.000549 5623000000000000.000000 295.000000 0.000380 137221171346.123474 0.626413
390899999999.999390 5623000000000000.000000 295.000000 0.000380 237651926841.426666 0.252803
514500000000.000427 5623000000000000.000000 295.000000 0.000380 383452158555.225891 0.087049
677100000000.000366 5623000000000000.000000 295.000000 0.000380 385747424397.985168 0.324999
891100000000.000977 5623000000000000.000000 295.000000 0.000380 712217814889.448853 0.050419
1173000000000.001465 5623000000000000.000000 295.000000 0.000380 519919099899.678345 0.699359
1543000000000.002441 5623000000000000.000000 295.000000 0.000380 770356653080.907471 0.502227
2030999999999.996338 5623000000000000.000000 295.000000 0.000380 849682357133.761108 0.808662
2672999999999.996094 5623000000000000.000000 295.000000 0.000380 2661801893075.841797 0.000018
3518000000000.003418 5623000000000000.000000 295.000000 0.000380 2673004418833.502441 0.075930
4629999999999.992188 5623000000000000.000000 295.000000 0.000380 2938699753086.224121 0.210235
6094000000000.000000 5623000000000000.000000 295.000000 0.000380 4339469068614.780273 0.116408
8019999999999.998047 5623000000000000.000000 295.000000 0.000380 5141922621530.389648 0.200865
10560000000000.019531 5623000000000000.000000 295.000000 0.000380 11249527379614.537109 0.004002
13889999999999.982422 5623000000000000.000000 295.000000 0.000380 11790332180023.265625 0.026920
18279999999999.976562 5623000000000000.000000 295.000000 0.000380 16981309461762.400391 0.005433
24060000000000.003906 5623000000000000.000000 295.000000 0.000380 25986574818220.035156 0.005936
31670000000000.015625 5623000000000000.000000 295.000000 0.000380 33366001836078.964844 0.002722
41669999999999.960938 5623000000000000.000000 295.000000 0.000380 45907997490439.195312 0.009389
54850000000000.070312 5623000000000000.000000 295.000000 0.000380 60981866504916.500000 0.011241
72180000000000.046875 5623000000000000.000000 295.000000 0.000380 70313960150781.156250 0.000686
94999999999999.968750 5623000000000000.000000 295.000000 0.000380 58583077701928.843750 0.238293
11000000000.000008 5623000000000000.000000 305.000000 0.000380 10816270083.310572 0.000284
14479999999.999977 5623000000000000.000000 305.000000 0.000380 12622218548.206429 0.018884
19050000000.000023 5623000000000000.000000 305.000000 0.000380 26344681280.737041 0.106029
25080000000.000031 5623000000000000.000000 305.000000 0.000380 29913505689.915684 0.031141
33000000000.000038 5623000000000000.000000 305.000000 0.000380 37854476030.822090 0.018865
43429999999.999931 5623000000000000.000000 305.000000 0.000380 38278107881.354332 0.015966
57160000000.000046 5623000000000000.000000 305.000000 0.000380 54347168546.050362 0.002547
75230000000.000061 5623000000000000.000000 305.000000 0.000380 61763857745.704887 0.039027
99000000000.000153 5623000000000000.000000 305.000000 0.000380 91281340471.073883 0.006593
130299999999.999741 5623000000000000.000000 305.000000 0.000380 124830140860.484955 0.001839
171500000000.000092 5623000000000000.000000 305.000000 0.000380 186030841512.875397 0.006618
225700000000.000061 5623000000000000.000000 305.000000 0.000380 290110104749.663086 0.063360
297000000000.000549 5623000000000000.000000 305.000000 0.000380 459408176873.087158 0.193313
390899999999.999390 5623000000000000.000000 305.000000 0.000380 514215810563.278809 0.075653
514500000000.000427 5623000000000000.000000 305.000000 0.000380 632055912950.369263 0.042496
677100000000.000366 5623000000000000.000000 305.000000 0.000380 902762369706.252808 0.083309
891100000000.000977 5623000000000000.000000 305.000000 0.000380 994927627222.603516 0.012159
1173000000000.001465 5623000000000000.000000 305.000000 0.000380 1445629523480.752686 0.043832
1543000000000.002441 5623000000000000.000000 305.000000 0.000380 1696740679324.846924 0.009028
2030999999999.996338 5623000000000000.000000 305.000000 0.000380 2471401479611.972656 0.038641
2672999999999.996094 5623000000000000.000000 305.000000 0.000380 3425971751094.691406 0.061912
3518000000000.003418 5623000000000000.000000 305.000000 0.000380 4540167310256.094727 0.065415
4629999999999.992188 5623000000000000.000000 305.000000 0.000380 5425861048065.314453 0.025213
6094000000000.000000 5623000000000000.000000 305.000000 0.000380 5974591434724.855469 0.000392
8019999999999.998047 5623000000000000.000000 305.000000 0.000380 6877217500204.836914 0.023678
10560000000000.019531 5623000000000000.000000 305.000000 0.000380 9889930886353.595703 0.004299
13889999999999.982422 5623000000000000.000000 305.000000 0.000380 15581553452166.701172 0.013221
18279999999999.976562 5623000000000000.000000 305.000000 0.000380 17780077370801.597656 0.000769
24060000000000.003906 5623000000000000.000000 305.000000 0.000380 20943205987380.167969 0.019279
31670000000000.015625 5623000000000000.000000 305.000000 0.000380 21414126254361.175781 0.155095
41669999999999.960938 5623000000000000.000000 305.000000 0.000380 26572961721349.625000 0.205835
54850000000000.070312 5623000000000000.000000 305.000000 0.000380 53067554272513.460938 0.001092
72180000000000.046875 5623000000000000.000000 305.000000 0.000380 62774394618971.531250 0.019524
94999999999999.968750 5623000000000000.000000 305.000000 0.000380 53201122354576.367188 0.345688
11000000000.000008 5623000000000000.000000 315.000000 0.000380 10471413074.291819 0.002426
14479999999.999977 5623000000000000.000000 315.000000 0.000380 14127084167.147158 0.000609
19050000000.000023 5623000000000000.000000 315.000000 0.000380 18103158242.852352 0.002600
25080000000.000031 5623000000000000.000000 315.000000 0.000380 24817311758.359985 0.000111
33000000000.000038 5623000000000000.000000 315.000000 0.000380 30637528055.636463 0.005520
43429999999.999931 5623000000000000.000000 315.000000 0.000380 42620828958.690254 0.000354
57160000000.000046 5623000000000000.000000 315.000000 0.000380 72444104709.128525 0.056414
75230000000.000061 5623000000000000.000000 315.000000 0.000380 105702048487.966827 0.116769
99000000000.000153 5623000000000000.000000 315.000000 0.000380 106153166550.770599 0.004869
130299999999.999741 5623000000000000.000000 315.000000 0.000380 178435162524.972839 0.099655
171500000000.000092 5623000000000000.000000 315.000000 0.000380 195129362545.058258 0.016685
225700000000.000061 5623000000000000.000000 315.000000 0.000380 265021269498.396332 0.025849
297000000000.000549 5623000000000000.000000 315.000000 0.000380 309008753029.528748 0.001571
390899999999.999390 5623000000000000.000000 315.000000 0.000380 488977178326.684204 0.050325
514500000000.000427 5623000000000000.000000 315.000000 0.000380 697186185982.865479 0.093042
677100000000.000366 5623000000000000.000000 315.000000 0.000380 777588752239.111328 0.019179
891100000000.000977 5623000000000000.000000 315.000000 0.000380 927704872943.660645 0.001621
1173000000000.001465 5623000000000000.000000 315.000000 0.000380 1265424459497.309326 0.005755
1543000000000.002441 5623000000000000.000000 315.000000 0.000380 1545046574365.427734 0.000002
2030999999999.996338 5623000000000000.000000 315.000000 0.000380 2329926211580.889160 0.018883
2672999999999.996094 5623000000000000.000000 315.000000 0.000380 2477457299653.428223 0.005774
3518000000000.003418 5623000000000000.000000 315.000000 0.000380 3542036163695.689453 0.000046
4629999999999.992188 5623000000000000.000000 315.000000 0.000380 4544077636429.194336 0.000351
6094000000000.000000 5623000000000000.000000 315.000000 0.000380 8425150087056.805664 0.105843
8019999999999.998047 5623000000000000.000000 315.000000 0.000380 9631696670935.251953 0.033627
10560000000000.019531 5623000000000000.000000 315.000000 0.000380 10852678666714.183594 0.000747
13889999999999.982422 5623000000000000.000000 315.000000 0.000380 11364698148188.992188 0.040399
18279999999999.976562 5623000000000000.000000 315.000000 0.000380 24694144484324.250000 0.091140
24060000000000.003906 5623000000000000.000000 315.000000 0.000380 23640771268150.285156 0.000309
31670000000000.015625 5623000000000000.000000 315.000000 0.000380 27447203934938.746094 0.020514
41669999999999.960938 5623000000000000.000000 315.000000 0.000380 46420000000000.656250 0.011664
54850000000000.070312 5623000000000000.000000 315.000000 0.000380 61555607676783.445312 0.013318
72180000000000.046875 5623000000000000.000000 315.000000 0.000380 51681401721289.828125 0.112641
94999999999999.968750 5623000000000000.000000 315.000000 0.000380 48894648586925.664062 0.457633
11000000000.000008 5623000000000000.000000 325.000000 0.000380 11249305570.323856 0.000502
14479999999.999977 5623000000000000.000000 325.000000 0.000380 14296793622.710732 0.000162
19050000000.000023 5623000000000000.000000 325.000000 0.000380 21214882425.025211 0.011597
25080000000.000031 5623000000000000.000000 325.000000 0.000380 27868858155.677803 0.011128
33000000000.000038 5623000000000000.000000 325.000000 0.000380 36090652732.102180 0.008020
43429999999.999931 5623000000000000.000000 325.000000 0.000380 46538309421.023651 0.004780
57160000000.000046 5623000000000000.000000 325.000000 0.000380 63801289624.036537 0.012094
75230000000.000061 5623000000000000.000000 325.000000 0.000380 84752354066.166443 0.014222
99000000000.000153 5623000000000000.000000 325.000000 0.000380 104981976170.641754 0.003443
130299999999.999741 5623000000000000.000000 325.000000 0.000380 141511345450.825684 0.006817
171500000000.000092 5623000000000000.000000 325.000000 0.000380 221192691405.811829 0.065095
225700000000.000061 5623000000000000.000000 325.000000 0.000380 277745807119.250183 0.043211
297000000000.000549 5623000000000000.000000 325.000000 0.000380 300680116526.251465 0.000152
390899999999.999390 5623000000000000.000000 325.000000 0.000380 488115381072.618896 0.049532
514500000000.000427 5623000000000000.000000 325.000000 0.000380 536605987808.289490 0.001770
677100000000.000366 5623000000000000.000000 325.000000 0.000380 683045559901.967163 0.000076
891100000000.000977 5623000000000000.000000 325.000000 0.000380 915927675876.875366 0.000755
1173000000000.001465 5623000000000000.000000 325.000000 0.000380 1005987798339.024658 0.023638
1543000000000.002441 5623000000000000.000000 325.000000 0.000380 1745317015617.847900 0.015199
2030999999999.996338 5623000000000000.000000 325.000000 0.000380 1542386767863.062988 0.076213
2672999999999.996094 5623000000000000.000000 325.000000 0.000380 2194808456948.172852 0.038977
3518000000000.003418 5623000000000000.000000 325.000000 0.000380 3153916413132.246582 0.011947
4629999999999.992188 5623000000000000.000000 325.000000 0.000380 4590788833838.625000 0.000072
6094000000000.000000 5623000000000000.000000 325.000000 0.000380 5124606514419.712891 0.030091
8019999999999.998047 5623000000000000.000000 325.000000 0.000380 6517544747624.728516 0.043186
10560000000000.019531 5623000000000000.000000 325.000000 0.000380 10552033639519.453125 0.000001
13889999999999.982422 5623000000000000.000000 325.000000 0.000380 10588250180677.677734 0.074125
18279999999999.976562 5623000000000000.000000 325.000000 0.000380 15252038716112.208984 0.032885
24060000000000.003906 5623000000000000.000000 325.000000 0.000380 23121402190922.898438 0.001584
31670000000000.015625 5623000000000000.000000 325.000000 0.000380 26142367993257.816406 0.036905
41669999999999.960938 5623000000000000.000000 325.000000 0.000380 36154135372500.445312 0.020195
54850000000000.070312 5623000000000000.000000 325.000000 0.000380 40599896276325.210938 0.091187
72180000000000.046875 5623000000000000.000000 325.000000 0.000380 44402398690708.515625 0.240750
94999999999999.968750 5623000000000000.000000 325.000000 0.000380 68712218103006.398438 0.105864
11000000000.000008 5623000000000000.000000 335.000000 0.000380 13060652509.778797 0.029556
14479999999.999977 5623000000000000.000000 335.000000 0.000380 14830915134.558365 0.000573
19050000000.000023 5623000000000000.000000 335.000000 0.000380 22041991615.971748 0.021319
25080000000.000031 5623000000000000.000000 335.000000 0.000380 28763272207.948250 0.018806
33000000000.000038 5623000000000000.000000 335.000000 0.000380 33766974373.286488 0.000528
43429999999.999931 5623000000000000.000000 335.000000 0.000380 48030560211.937439 0.010146
57160000000.000046 5623000000000000.000000 335.000000 0.000380 67206996559.376221 0.026276
75230000000.000061 5623000000000000.000000 335.000000 0.000380 93007748001.064865 0.045169
99000000000.000153 5623000000000000.000000 335.000000 0.000380 115603721012.638794 0.024088
130299999999.999741 5623000000000000.000000 335.000000 0.000380 154365090559.980072 0.028793
171500000000.000092 5623000000000000.000000 335.000000 0.000380 231605979367.546722 0.090954
225700000000.000061 5623000000000000.000000 335.000000 0.000380 245433727547.258301 0.007030
297000000000.000549 5623000000000000.000000 335.000000 0.000380 356924607688.202881 0.033875
390899999999.999390 5623000000000000.000000 335.000000 0.000380 452082888568.567993 0.021182
514500000000.000427 5623000000000000.000000 335.000000 0.000380 532504249966.523438 0.001183
677100000000.000366 5623000000000000.000000 335.000000 0.000380 681881348096.380127 0.000050
891100000000.000977 5623000000000000.000000 335.000000 0.000380 1011200078408.374512 0.016007
1173000000000.001465 5623000000000000.000000 335.000000 0.000380 1009428747908.931152 0.022596
1543000000000.002441 5623000000000000.000000 335.000000 0.000380 1318375399035.614502 0.024803
2030999999999.996338 5623000000000000.000000 335.000000 0.000380 1632988998717.744873 0.047764
2672999999999.996094 5623000000000000.000000 335.000000 0.000380 2219282723898.412598 0.034702
3518000000000.003418 5623000000000000.000000 335.000000 0.000380 3161999097023.535645 0.011393
4629999999999.992188 5623000000000000.000000 335.000000 0.000380 4287902090971.117188 0.005895
6094000000000.000000 5623000000000000.000000 335.000000 0.000380 4798954982904.650391 0.057348
8019999999999.998047 5623000000000000.000000 335.000000 0.000380 7256812793779.272461 0.010008
10560000000000.019531 5623000000000000.000000 335.000000 0.000380 9805802714400.441406 0.005493
13889999999999.982422 5623000000000000.000000 335.000000 0.000380 14115131375079.644531 0.000259
18279999999999.976562 5623000000000000.000000 335.000000 0.000380 18059384490320.824219 0.000147
24060000000000.003906 5623000000000000.000000 335.000000 0.000380 21176570187952.187500 0.016318
31670000000000.015625 5623000000000000.000000 335.000000 0.000380 37310096388308.375000 0.026921
41669999999999.960938 5623000000000000.000000 335.000000 0.000380 40355608590100.234375 0.001027
54850000000000.070312 5623000000000000.000000 335.000000 0.000380 38054463495756.937500 0.135147
72180000000000.046875 5623000000000000.000000 335.000000 0.000380 44707077765854.695312 0.233893
94999999999999.968750 5623000000000000.000000 335.000000 0.000380 69954793422275.085938 0.094386
